@ NAME                 %s               "PSB3"
@ TYPE                 %s              "twiss"
@ TITLE                %n                  nil
@ ORIGIN               %s "MAD 1.1.15 Linux 64"
@ DATE                 %s           "14/09/26"
@ TIME                 %s           "10:12:55"
@ REFCOL               %s               "name"
@ DIRECTION            %le                    1
@ OBSERVE              %le                    1
@ ENERGY               %le          1.098272088
@ DELTAP               %le                    0
@ LENGTH               %le               157.08
@ ALFAP                %le        0.06463024454
@ Q1                   %le               4.1744
@ Q2                   %le          4.240400001
@ Q3                   %le                    0
@ DQ1                  %le         -6.465922553
@ DQ2                  %le         -13.02874407
@ DQ3                  %le                    0
* NAME                                INDEX                 KIND                    S                 BETX                 ALFX                 BETY                 ALFY                  MUX                  MUY                    X                   PX                    Y                   PY                   DX                  DPX                   DY                  DPY                  R11                  R12                  R21                  R22                  K1L                  K2L                  K3L                  K4L                  K5L                 K1SL                 K2SL                 K3SL                 K4SL                 K5SL
$ %s                                     %d                   %s                  %le                  %le                  %le                  %le                  %le                  %le                  %le                  %le                  %le                  %le                  %le                  %le                  %le                  %le                  %le                  %le                  %le                  %le                  %le                  %le                  %le                  %le                  %le                  %le                  %le                  %le                  %le                  %le                  %le
  "BR3.BPM1L3"                            0            "monitor"             5.467797          5.518602092          1.756740038          11.45980331         -4.399139995         0.1389283074         0.1721313394                    0                    0                    0                    0          -2.82386274         0.7799763061                    0                    0                    0                    0                    0                    0                    0                    0                    0                    0                    0                    0                    0                    0                    0                    0
  "BR3.BPM2L3"                            1            "monitor"            15.285302          5.700359959           1.77669248          10.98356467         -4.205190219         0.4030127922         0.4360297494                    0                    0                    0                    0         -2.988488085          0.842801639                    0                    0                    0                    0                    0                    0                    0                    0                    0                    0                    0                    0                    0                    0                    0                    0
  "BR3.BPM3L3"                            2            "monitor"            25.102807          5.736152987          1.811848896          10.98403061         -4.213061516         0.6587260334         0.7049584282                    0                    0                    0                    0         -2.996583286         0.8563463957                    0                    0                    0                    0                    0                    0                    0                    0                    0                    0                    0                    0                    0                    0                    0                    0
  "BR3.BPM4L3"                            3            "monitor"            34.920312          5.474431377          1.713412286          11.45907558         -4.383230071         0.9211272568         0.9688237014                    0                    0                    0                    0         -2.853490293          0.829544252                    0                    0                    0                    0                    0                    0                    0                    0                    0                    0                    0                    0                    0                    0                    0                    0
  "BR3.BPM5L3"                            4            "monitor"            44.737806          5.721076377          1.813455375          11.01685084         -4.233263065          1.180465818          1.235182359                    0                    0                    0                    0         -2.761609781          0.773863013                    0                    0                    0                    0                    0                    0                    0                    0                    0                    0                    0                    0                    0                    0                    0                    0
  "BR3.BPM6L3"                            5            "monitor"            54.555311          5.494323219          1.713757638          11.41097517         -4.357848835          1.443841614           1.49788592                    0                    0                    0                    0         -2.917524248         0.8084397493                    0                    0                    0                    0                    0                    0                    0                    0                    0                    0                    0                    0                    0                    0                    0                    0
  "BR3.BPM7L3"                            6            "monitor"            64.372816          5.696731294          1.811159604          11.07863041         -4.262959907           1.70228141          1.765275668                    0                    0                    0                    0         -2.987634549         0.8592930444                    0                    0                    0                    0                    0                    0                    0                    0                    0                    0                    0                    0                    0                    0                    0                    0
  "BR3.BPM8L3"                            7            "monitor"            74.190321          5.522544193          1.717937769          11.33789349         -4.324910849          1.966456389          2.027105054                    0                    0                    0                    0         -2.821922625         0.8176158358                    0                    0                    0                    0                    0                    0                    0                    0                    0                    0                    0                    0                    0                    0                    0                    0
  "BR3.BPM9L3"                            8            "monitor"            84.007826          5.665044287          1.805147415          11.16083243         -4.298070856          2.224205169          2.295172137                    0                    0                    0                    0         -2.774941995         0.7725818419                    0                    0                    0                    0                    0                    0                    0                    0                    0                    0                    0                    0                    0                    0                    0                    0
  "BR3.BPM10L3"                           9            "monitor"             93.82532          5.556977019          1.725643469          11.24965536         -4.288888861          2.488942074          2.556535294                    0                    0                    0                    0         -2.947213729         0.8205471246                    0                    0                    0                    0                    0                    0                    0                    0                    0                    0                    0                    0                    0                    0                    0                    0
  "BR3.BPM11L3"                          10            "monitor"           103.642825            5.6285113          1.795893092          11.25212138         -4.333772825           2.74626187          2.824834449                    0                    0                    0                    0         -2.970132682         0.8588837502                    0                    0                    0                    0                    0                    0                    0                    0                    0                    0                    0                    0                    0                    0                    0                    0
  "BR3.BPM12L3"                          11            "monitor"            113.46033          5.594873965          1.736261032          11.15852693         -4.254751345          3.011281222          3.086204144                    0                    0                    0                    0         -2.794661348         0.8055656728                    0                    0                    0                    0                    0                    0                    0                    0                    0                    0                    0                    0                    0                    0                    0                    0
  "BR3.BPM13L3"                          12            "monitor"           123.277835          5.589888599          1.784098364          11.34019048         -4.365217305          3.268467564          3.354258782                    0                    0                    0                    0          -2.79623462         0.7746737396                    0                    0                    0                    0                    0                    0                    0                    0                    0                    0                    0                    0                    0                    0                    0                    0
  "BR3.BPM14L3"                          13            "monitor"           133.095339          5.633332537          1.748974489          11.07689006         -4.227152583          3.533467302          3.616106415                    0                    0                    0                    0         -2.971477828         0.8323051959                    0                    0                    0                    0                    0                    0                    0                    0                    0                    0                    0                    0                    0                    0                    0                    0
  "BR3.BPM15L3"                          14            "monitor"           142.912834          5.552249468          1.770694463          11.41280517         -4.388063717          3.790825864          3.883472819                    0                    0                    0                    0          -2.94543539          0.855150164                    0                    0                    0                    0                    0                    0                    0                    0                    0                    0                    0                    0                    0                    0                    0                    0
  "BR3.BPM16L3"                          15            "monitor"           152.730339          5.669393963            1.7628025          11.01586316         -4.209859036          4.055505828          4.146203992                    0                    0                    0                    0         -2.773821507         0.7943288429                    0                    0                    0                    0                    0                    0                    0                    0                    0                    0                    0                    0                    0                    0                    0                    0
