@ NAME                 %s               "PSB3"
@ TYPE                 %s              "twiss"
@ TITLE                %n                  nil
@ ORIGIN               %s "MAD 1.1.15 Linux 64"
@ DATE                 %s           "11/09/26"
@ TIME                 %s           "22:55:51"
@ REFCOL               %s               "name"
@ DIRECTION            %le                    1
@ OBSERVE              %le                    1
@ ENERGY               %le          1.098272088
@ DELTAP               %le                    0
@ LENGTH               %le               157.08
@ ALFAP                %le        0.06503949022
@ Q1                   %le          4.177924628
@ Q2                   %le          4.236896879
@ Q3                   %le                    0
@ DQ1                  %le         -6.464752273
@ DQ2                  %le         -13.03768469
@ DQ3                  %le                    0
* NAME                                INDEX                 KIND                    S                 BETX                 ALFX                 BETY                 ALFY                  MUX                  MUY                    X                   PX                    Y                   PY                   DX                  DPX                   DY                  DPY                  R11                  R12                  R21                  R22                  K1L                  K2L                  K3L                  K4L                  K5L                 K1SL                 K2SL                 K3SL                 K4SL                 K5SL
$ %s                                     %d                   %s                  %le                  %le                  %le                  %le                  %le                  %le                  %le                  %le                  %le                  %le                  %le                  %le                  %le                  %le                  %le                  %le                  %le                  %le                  %le                  %le                  %le                  %le                  %le                  %le                  %le                  %le                  %le                  %le                  %le
  "BR3.BPM1L3"                            0            "monitor"             5.467797          5.600471013          1.762743637          11.22492281         -4.301430705         0.1396425739          0.172549631                    0                    0                    0                    0         -2.877433396         0.8160470049                    0                    0                    0                    0                    0                    0                    0                    0                    0                    0                    0                    0                    0                    0                    0                    0
  "BR3.BPM2L3"                            1            "monitor"            15.285302          5.600453386           1.76273997          11.22496655         -4.301439613         0.4007630052         0.4373557522                    0                    0                    0                    0         -2.877429163         0.8160468536                    0                    0                    0                    0                    0                    0                    0                    0                    0                    0                    0                    0                    0                    0                    0                    0
  "BR3.BPM3L3"                            2            "monitor"            25.102807          5.600435758          1.762736303          11.22500911         -4.301448174         0.6618834365         0.7021618827                    0                    0                    0                    0          -2.87742552          0.816046951                    0                    0                    0                    0                    0                    0                    0                    0                    0                    0                    0                    0                    0                    0                    0                    0
  "BR3.BPM4L3"                            3            "monitor"            34.920312          5.600418131          1.762732636          11.22505233         -4.301456907         0.9230038678         0.9669680059                    0                    0                    0                    0         -2.877421784         0.8160471605                    0                    0                    0                    0                    0                    0                    0                    0                    0                    0                    0                    0                    0                    0                    0                    0
  "BR3.BPM5L3"                            4            "monitor"            44.737806          5.600439284          1.762737036          11.22500058         -4.301446467          1.184123987          1.231773979                    0                    0                    0                    0         -2.877426092         0.8160470296                    0                    0                    0                    0                    0                    0                    0                    0                    0                    0                    0                    0                    0                    0                    0                    0
  "BR3.BPM6L3"                            5            "monitor"            54.555311          5.600421656          1.762733369          11.22504379         -4.301455172          1.445244418          1.496580101                    0                    0                    0                    0         -2.877421599         0.8160467709                    0                    0                    0                    0                    0                    0                    0                    0                    0                    0                    0                    0                    0                    0                    0                    0
  "BR3.BPM7L3"                            6            "monitor"            64.372816          5.600404029          1.762729703           11.2250866         -4.301463818          1.706364849           1.76138623                    0                    0                    0                    0         -2.877418117         0.8160468745                    0                    0                    0                    0                    0                    0                    0                    0                    0                    0                    0                    0                    0                    0                    0                    0
  "BR3.BPM8L3"                            7            "monitor"            74.190321          5.600386402          1.762726036          11.22512959         -4.301472478           1.96748528          2.026192353                    0                    0                    0                    0         -2.877414619         0.8160471905                    0                    0                    0                    0                    0                    0                    0                    0                    0                    0                    0                    0                    0                    0                    0                    0
  "BR3.BPM9L3"                            8            "monitor"            84.007826          5.600368775          1.762722369          11.22517267         -4.301481207          2.228605712           2.29099848                    0                    0                    0                    0         -2.877409756         0.8160470386                    0                    0                    0                    0                    0                    0                    0                    0                    0                    0                    0                    0                    0                    0                    0                    0
  "BR3.BPM10L3"                           9            "monitor"             93.82532          5.600389927          1.762726769          11.22512109           -4.3014708          2.489725831           2.55580445                    0                    0                    0                    0          -2.87741433         0.8160468113                    0                    0                    0                    0                    0                    0                    0                    0                    0                    0                    0                    0                    0                    0                    0                    0
  "BR3.BPM11L3"                          10            "monitor"           103.642825            5.6003723          1.762723102          11.22516392         -4.301479395          2.750846262          2.820610573                    0                    0                    0                    0         -2.877410825         0.8160469232                    0                    0                    0                    0                    0                    0                    0                    0                    0                    0                    0                    0                    0                    0                    0                    0
  "BR3.BPM12L3"                          11            "monitor"            113.46033          5.600354673          1.762719435           11.2252073         -4.301488262          3.011966693          3.085416702                    0                    0                    0                    0          -2.87740724         0.8160472066                    0                    0                    0                    0                    0                    0                    0                    0                    0                    0                    0                    0                    0                    0                    0                    0
  "BR3.BPM13L3"                          12            "monitor"           123.277835          5.600337046          1.762715768          11.22524987         -4.301496744          3.273087124          3.350222825                    0                    0                    0                    0         -2.877402413         0.8160470509                    0                    0                    0                    0                    0                    0                    0                    0                    0                    0                    0                    0                    0                    0                    0                    0
  "BR3.BPM14L3"                          13            "monitor"           133.095339          5.600322944          1.762712835          11.22528479         -4.301503917          3.534207527          3.615028939                    0                    0                    0                    0         -2.877398758         0.8160467893                    0                    0                    0                    0                    0                    0                    0                    0                    0                    0                    0                    0                    0                    0                    0                    0
  "BR3.BPM15L3"                          14            "monitor"           142.912834          5.600340571          1.762716502          11.22524122         -4.301494996          3.795327674          3.879834922                    0                    0                    0                    0         -2.877403639         0.8160469815                    0                    0                    0                    0                    0                    0                    0                    0                    0                    0                    0                    0                    0                    0                    0                    0
  "BR3.BPM16L3"                          15            "monitor"           152.730339          5.600322944          1.762712835          11.22528496         -4.301503952          4.056448106          4.144641047                    0                    0                    0                    0         -2.877399688         0.8160471487                    0                    0                    0                    0                    0                    0                    0                    0                    0                    0                    0                    0                    0                    0                    0                    0
