@ NAME                 %s               "PSB3"
@ TYPE                 %s              "twiss"
@ TITLE                %n                  nil
@ ORIGIN               %s "MAD 1.1.15 Linux 64"
@ DATE                 %s           "13/09/26"
@ TIME                 %s           "10:33:57"
@ REFCOL               %s               "name"
@ DIRECTION            %le                    1
@ OBSERVE              %le                    1
@ ENERGY               %le          1.098272088
@ DELTAP               %le                    0
@ LENGTH               %le               157.08
@ ALFAP                %le        0.06271507588
@ Q1                   %le               4.2342
@ Q2                   %le          4.139900001
@ Q3                   %le                    0
@ DQ1                  %le         -6.507340638
@ DQ2                  %le         -12.84436172
@ DQ3                  %le                    0
* NAME                                INDEX                 KIND                    S                 BETX                 ALFX                 BETY                 ALFY                  MUX                  MUY                    X                   PX                    Y                   PY                   DX                  DPX                   DY                  DPY                  R11                  R12                  R21                  R22                  K1L                  K2L                  K3L                  K4L                  K5L                 K1SL                 K2SL                 K3SL                 K4SL                 K5SL
$ %s                                     %d                   %s                  %le                  %le                  %le                  %le                  %le                  %le                  %le                  %le                  %le                  %le                  %le                  %le                  %le                  %le                  %le                  %le                  %le                  %le                  %le                  %le                  %le                  %le                  %le                  %le                  %le                  %le                  %le                  %le                  %le
  "BR3.BPM1L3"                            0            "monitor"             5.467797          5.453992863          1.726655359          11.48070159         -4.399742058         0.1421782733         0.1690531966                    0                    0                    0                    0         -2.776313195         0.7681743415                    0                    0                    0                    0                    0                    0                    0                    0                    0                    0                    0                    0                    0                    0                    0                    0
  "BR3.BPM2L3"                            1            "monitor"            15.285302          5.664524982          1.770768779          11.03439726         -4.187085557         0.4087902089         0.4241962052                    0                    0                    0                    0         -2.891609378         0.8163543117                    0                    0                    0                    0                    0                    0                    0                    0                    0                    0                    0                    0                    0                    0                    0                    0
  "BR3.BPM3L3"                            2            "monitor"            25.102807          5.675291227          1.781380282          11.03483451          -4.22763623           0.66958477         0.6894980736                    0                    0                    0                    0          -2.89361314         0.8197235678                    0                    0                    0                    0                    0                    0                    0                    0                    0                    0                    0                    0                    0                    0                    0                    0
  "BR3.BPM4L3"                            3            "monitor"            34.920312          5.431731836          1.704782656          11.48039619         -4.354966767         0.9344492836         0.9446355943                    0                    0                    0                    0         -2.799480633         0.8070738091                    0                    0                    0                    0                    0                    0                    0                    0                    0                    0                    0                    0                    0                    0                    0                    0
  "BR3.BPM5L3"                            4            "monitor"            44.737806          5.670998041          1.788170966          11.08861873         -4.252128576          1.198655375          1.206859717                    0                    0                    0                    0         -2.714674672         0.7619653106                    0                    0                    0                    0                    0                    0                    0                    0                    0                    0                    0                    0                    0                    0                    0                    0
  "BR3.BPM6L3"                            5            "monitor"            54.555311          5.444345669          1.700890987          11.42210543         -4.329292525          1.464791755            1.4614045                    0                    0                    0                    0         -2.824608825         0.7830237576                    0                    0                    0                    0                    0                    0                    0                    0                    0                    0                    0                    0                    0                    0                    0                    0
  "BR3.BPM7L3"                            6            "monitor"            64.372816          5.650476443          1.789023141          11.15080749         -4.278702538           1.72779069          1.724130699                    0                    0                    0                    0         -2.888921501         0.8242066481                    0                    0                    0                    0                    0                    0                    0                    0                    0                    0                    0                    0                    0                    0                    0                    0
  "BR3.BPM8L3"                            7            "monitor"            74.190321          5.471960967          1.703086931          11.35697815         -4.302173032          1.995021352           1.97826483                    0                    0                    0                    0         -2.766990546         0.7954712955                    0                    0                    0                    0                    0                    0                    0                    0                    0                    0                    0                    0                    0                    0                    0                    0
  "BR3.BPM9L3"                            8            "monitor"            84.007826          5.616588722          1.783826507          11.21846931         -4.306125511          2.257068205          2.241301175                    0                    0                    0                    0         -2.725398861         0.7596450107                    0                    0                    0                    0                    0                    0                    0                    0                    0                    0                    0                    0                    0                    0                    0                    0
  "BR3.BPM10L3"                           9            "monitor"             93.82532          5.510842723          1.711082615           11.2878059          -4.27481098          2.525065396          2.495225445                    0                    0                    0                    0         -2.855082911         0.7950588735                    0                    0                    0                    0                    0                    0                    0                    0                    0                    0                    0                    0                    0                    0                    0                    0
  "BR3.BPM11L3"                          10            "monitor"           103.642825          5.574038695          1.773304327          11.28841977         -4.333125385          2.786547695          2.758366168                    0                    0                    0                    0         -2.872492673         0.8242835255                    0                    0                    0                    0                    0                    0                    0                    0                    0                    0                    0                    0                    0                    0                    0                    0
  "BR3.BPM12L3"                          11            "monitor"            113.46033          5.555558583          1.723760691          11.21793862         -4.248494595          3.054880066          3.012291462                    0                    0                    0                    0         -2.739563566         0.7834219138                    0                    0                    0                    0                    0                    0                    0                    0                    0                    0                    0                    0                    0                    0                    0                    0
  "BR3.BPM13L3"                          12            "monitor"           123.277835          5.528611736          1.758890224          11.35765133         -4.358506475          3.316263786          3.275326093                    0                    0                    0                    0          -2.74692485         0.7618143453                    0                    0                    0                    0                    0                    0                    0                    0                    0                    0                    0                    0                    0                    0                    0                    0
  "BR3.BPM14L3"                          13            "monitor"           133.095339          5.599983137          1.739381761          11.15047066         -4.224406941           3.58445349          3.529462771                    0                    0                    0                    0         -2.878473444         0.8067038626                    0                    0                    0                    0                    0                    0                    0                    0                    0                    0                    0                    0                    0                    0                    0                    0
  "BR3.BPM15L3"                          14            "monitor"           142.912834          5.486640109          1.742585632          11.42281208         -4.381070721          3.846218029          3.792185481                    0                    0                    0                    0         -2.846589479         0.8199434955                    0                    0                    0                    0                    0                    0                    0                    0                    0                    0                    0                    0                    0                    0                    0                    0
  "BR3.BPM16L3"                          15            "monitor"           152.730339          5.638018917          1.755798274          11.08842271         -4.203636441          4.113807008          4.046734395                    0                    0                    0                    0         -2.720977899         0.7725858864                    0                    0                    0                    0                    0                    0                    0                    0                    0                    0                    0                    0                    0                    0                    0                    0
