@ NAME                 %s               "PSB3"
@ TYPE                 %s              "twiss"
@ TITLE                %n                  nil
@ ORIGIN               %s "MAD 1.1.15 Linux 64"
@ DATE                 %s           "13/09/26"
@ TIME                 %s           "10:33:57"
@ REFCOL               %s               "name"
@ DIRECTION            %le                    1
@ OBSERVE              %le                    1
@ ENERGY               %le          1.098272088
@ DELTAP               %le                    0
@ LENGTH               %le               157.08
@ ALFAP                %le        0.06303687968
@ Q1                   %le          4.237691875
@ Q2                   %le          4.136368692
@ Q3                   %le                    0
@ DQ1                  %le         -6.506519994
@ DQ2                  %le         -12.85067558
@ DQ3                  %le                    0
* NAME                                INDEX                 KIND                    S                 BETX                 ALFX                 BETY                 ALFY                  MUX                  MUY                    X                   PX                    Y                   PY                   DX                  DPX                   DY                  DPY                  R11                  R12                  R21                  R22                  K1L                  K2L                  K3L                  K4L                  K5L                 K1SL                 K2SL                 K3SL                 K4SL                 K5SL
$ %s                                     %d                   %s                  %le                  %le                  %le                  %le                  %le                  %le                  %le                  %le                  %le                  %le                  %le                  %le                  %le                  %le                  %le                  %le                  %le                  %le                  %le                  %le                  %le                  %le                  %le                  %le                  %le                  %le                  %le                  %le                  %le
  "BR3.BPM1L3"                            0            "monitor"             5.467797          5.552191585          1.744715278          11.26558969         -4.295421381         0.1420376772         0.1676713093                    0                    0                    0                    0         -2.803754078         0.7922281346                    0                    0                    0                    0                    0                    0                    0                    0                    0                    0                    0                    0                    0                    0                    0                    0
  "BR3.BPM2L3"                            1            "monitor"            15.285302          5.552174138          1.744711636          11.26563354         -4.295430293         0.4068935627         0.4261944184                    0                    0                    0                    0         -2.803750061          0.792228043                    0                    0                    0                    0                    0                    0                    0                    0                    0                    0                    0                    0                    0                    0                    0                    0
  "BR3.BPM3L3"                            2            "monitor"            25.102807          5.552156691          1.744707994          11.26567583          -4.29543872         0.6717494482         0.6847175368                    0                    0                    0                    0         -2.803746363         0.7922281018                    0                    0                    0                    0                    0                    0                    0                    0                    0                    0                    0                    0                    0                    0                    0                    0
  "BR3.BPM4L3"                            3            "monitor"            34.920312          5.552139244          1.744704352          11.26571924         -4.295447494         0.9366053337         0.9432406481                    0                    0                    0                    0         -2.803742661         0.7922282534                    0                    0                    0                    0                    0                    0                    0                    0                    0                    0                    0                    0                    0                    0                    0                    0
  "BR3.BPM5L3"                            4            "monitor"            44.737806           5.55216018          1.744708723          11.26566728         -4.295437013          1.201460904           1.20176361                    0                    0                    0                    0         -2.803747001         0.7922281634                    0                    0                    0                    0                    0                    0                    0                    0                    0                    0                    0                    0                    0                    0                    0                    0
  "BR3.BPM6L3"                            5            "monitor"            54.555311          5.552142733          1.744705081          11.26571075         -4.295445781          1.466316789          1.460286719                    0                    0                    0                    0         -2.803742708         0.7922279606                    0                    0                    0                    0                    0                    0                    0                    0                    0                    0                    0                    0                    0                    0                    0                    0
  "BR3.BPM7L3"                            6            "monitor"            64.372816          5.552125286          1.744701439          11.26575314         -4.295454244          1.731172675          1.718809837                    0                    0                    0                    0         -2.803739173         0.7922280234                    0                    0                    0                    0                    0                    0                    0                    0                    0                    0                    0                    0                    0                    0                    0                    0
  "BR3.BPM8L3"                            7            "monitor"            74.190321          5.552107839          1.744697797          11.26579645         -4.295462985           1.99602856          1.977332948                    0                    0                    0                    0         -2.803735716         0.7922282855                    0                    0                    0                    0                    0                    0                    0                    0                    0                    0                    0                    0                    0                    0                    0                    0
  "BR3.BPM9L3"                            8            "monitor"            84.007826          5.552090392          1.744694155          11.26583909         -4.295471526          2.260884446          2.235856063                    0                    0                    0                    0         -2.803731133         0.7922281708                    0                    0                    0                    0                    0                    0                    0                    0                    0                    0                    0                    0                    0                    0                    0                    0
  "BR3.BPM10L3"                           9            "monitor"             93.82532          5.552111329          1.744698526          11.26578795         -4.295461309          2.525740016          2.494379021                    0                    0                    0                    0         -2.803735649         0.7922279981                    0                    0                    0                    0                    0                    0                    0                    0                    0                    0                    0                    0                    0                    0                    0                    0
  "BR3.BPM11L3"                          10            "monitor"           103.642825          5.552093882          1.744694884          11.26583039         -4.295469741          2.790595902          2.752902133                    0                    0                    0                    0         -2.803732102          0.792228074                    0                    0                    0                    0                    0                    0                    0                    0                    0                    0                    0                    0                    0                    0                    0                    0
  "BR3.BPM12L3"                          11            "monitor"            113.46033          5.552076435          1.744691242          11.26587398          -4.29547864          3.055451787          3.011425249                    0                    0                    0                    0         -2.803728552         0.7922283035                    0                    0                    0                    0                    0                    0                    0                    0                    0                    0                    0                    0                    0                    0                    0                    0
  "BR3.BPM13L3"                          12            "monitor"           123.277835          5.552058988            1.7446876          11.26591628         -4.295487003          3.320307673          3.269948362                    0                    0                    0                    0         -2.803723999         0.7922281818                    0                    0                    0                    0                    0                    0                    0                    0                    0                    0                    0                    0                    0                    0                    0                    0
  "BR3.BPM14L3"                          13            "monitor"           133.095339           5.55204503          1.744684687          11.26595132          -4.29549418          3.585163529          3.528471462                    0                    0                    0                    0         -2.803720529         0.7922279749                    0                    0                    0                    0                    0                    0                    0                    0                    0                    0                    0                    0                    0                    0                    0                    0
  "BR3.BPM15L3"                          14            "monitor"           142.912834          5.552062477          1.744688328          11.26590767         -4.295485279          3.850019128          3.786994435                    0                    0                    0                    0         -2.803725139         0.7922281352                    0                    0                    0                    0                    0                    0                    0                    0                    0                    0                    0                    0                    0                    0                    0                    0
  "BR3.BPM16L3"                          15            "monitor"           152.730339           5.55204503          1.744684687          11.26595147         -4.295494209          4.114875014          4.045517547                    0                    0                    0                    0         -2.803721208         0.7922282442                    0                    0                    0                    0                    0                    0                    0                    0                    0                    0                    0                    0                    0                    0                    0                    0
