@ NAME                 %s               "PSB3"
@ TYPE                 %s              "twiss"
@ TITLE                %n                  nil
@ ORIGIN               %s "MAD 1.1.14 Linux 64"
@ DATE                 %s           "31/08/26"
@ TIME                 %s           "10:25:17"
@ REFCOL               %s               "name"
@ DIRECTION            %le                    1
@ OBSERVE              %le                    1
@ ENERGY               %le          1.098272088
@ DELTAP               %le                    0
@ LENGTH               %le               157.08
@ ALFAP                %le        0.06301784886
@ Q1                   %le          4.238182834
@ Q2                   %le          4.136037934
@ Q3                   %le                    0
@ DQ1                  %le         -6.507004832
@ DQ2                  %le         -12.90763572
@ DQ3                  %le                    0
* NAME                                INDEX                 KIND                    S                 BETX                 ALFX                 BETY                 ALFY                  MUX                  MUY                    X                   PX                    Y                   PY                   DX                  DPX                   DY                  DPY                  R11                  R12                  R21                  R22                  K1L                  K2L                  K3L                  K4L                  K5L                 K1SL                 K2SL                 K3SL                 K4SL                 K5SL
$ %s                                     %d                   %s                  %le                  %le                  %le                  %le                  %le                  %le                  %le                  %le                  %le                  %le                  %le                  %le                  %le                  %le                  %le                  %le                  %le                  %le                  %le                  %le                  %le                  %le                  %le                  %le                  %le                  %le                  %le                  %le                  %le
  "BR3.BPM1L3"                            0            "monitor"             5.467797          5.551766616          1.744611958           11.2656254         -4.295444583         0.1420568101          0.167654836                    0                    0                    0                    0         -2.803159607         0.7920613658                    0                    0                    0                    0                    0                    0                    0                    0                    0                    0                    0                    0                    0                    0                    0                    0
  "BR3.BPM2L3"                            1            "monitor"            15.285302           5.55174917          1.744608316          11.26566924         -4.295453496         0.4069433806         0.4261572727                    0                    0                    0                    0         -2.803155591         0.7920612746                    0                    0                    0                    0                    0                    0                    0                    0                    0                    0                    0                    0                    0                    0                    0                    0
  "BR3.BPM3L3"                            2            "monitor"            25.102807          5.551731724          1.744604674          11.26571153         -4.295461922         0.6718299511         0.6846597188                    0                    0                    0                    0         -2.803151893         0.7920613331                    0                    0                    0                    0                    0                    0                    0                    0                    0                    0                    0                    0                    0                    0                    0                    0
  "BR3.BPM4L3"                            3            "monitor"            34.920312          5.551714278          1.744601033          11.26575494         -4.295470697         0.9367165215         0.9431621577                    0                    0                    0                    0         -2.803148191         0.7920614844                    0                    0                    0                    0                    0                    0                    0                    0                    0                    0                    0                    0                    0                    0                    0                    0
  "BR3.BPM5L3"                            4            "monitor"            44.737806          5.551735213          1.744605403          11.26570298         -4.295460216          1.201602777          1.201664447                    0                    0                    0                    0         -2.803152531         0.7920613946                    0                    0                    0                    0                    0                    0                    0                    0                    0                    0                    0                    0                    0                    0                    0                    0
  "BR3.BPM6L3"                            5            "monitor"            54.555311          5.551717767          1.744601761          11.26574645         -4.295468984          1.466489347          1.460166884                    0                    0                    0                    0          -2.80314824         0.7920611922                    0                    0                    0                    0                    0                    0                    0                    0                    0                    0                    0                    0                    0                    0                    0                    0
  "BR3.BPM7L3"                            6            "monitor"            64.372816          5.551700321          1.744598119          11.26578885         -4.295477446          1.731375918          1.718669329                    0                    0                    0                    0         -2.803144705         0.7920612547                    0                    0                    0                    0                    0                    0                    0                    0                    0                    0                    0                    0                    0                    0                    0                    0
  "BR3.BPM8L3"                            7            "monitor"            74.190321          5.551682875          1.744594477          11.26583216         -4.295486188          1.996262488          1.977171768                    0                    0                    0                    0         -2.803141247         0.7920615165                    0                    0                    0                    0                    0                    0                    0                    0                    0                    0                    0                    0                    0                    0                    0                    0
  "BR3.BPM9L3"                            8            "monitor"            84.007826          5.551665429          1.744590836          11.26587479         -4.295494729          2.261149059          2.235674211                    0                    0                    0                    0         -2.803136667          0.792061402                    0                    0                    0                    0                    0                    0                    0                    0                    0                    0                    0                    0                    0                    0                    0                    0
  "BR3.BPM10L3"                           9            "monitor"             93.82532          5.551686364          1.744595206          11.26582365         -4.295484513          2.526035314          2.494176496                    0                    0                    0                    0         -2.803141182         0.7920612296                    0                    0                    0                    0                    0                    0                    0                    0                    0                    0                    0                    0                    0                    0                    0                    0
  "BR3.BPM11L3"                          10            "monitor"           103.642825          5.551668918          1.744591564           11.2658661         -4.295492944          2.790921884          2.752678936                    0                    0                    0                    0         -2.803137635         0.7920613053                    0                    0                    0                    0                    0                    0                    0                    0                    0                    0                    0                    0                    0                    0                    0                    0
  "BR3.BPM12L3"                          11            "monitor"            113.46033          5.551651472          1.744587922          11.26590969         -4.295501844          3.055808455           3.01118138                    0                    0                    0                    0         -2.803134086         0.7920615346                    0                    0                    0                    0                    0                    0                    0                    0                    0                    0                    0                    0                    0                    0                    0                    0
  "BR3.BPM13L3"                          12            "monitor"           123.277835          5.551634026           1.74458428          11.26595198         -4.295510206          3.320695025           3.26968382                    0                    0                    0                    0         -2.803129534          0.792061413                    0                    0                    0                    0                    0                    0                    0                    0                    0                    0                    0                    0                    0                    0                    0                    0
  "BR3.BPM14L3"                          13            "monitor"           133.095339           5.55162007          1.744581367          11.26598703         -4.295517383          3.585581567          3.528186248                    0                    0                    0                    0         -2.803126065         0.7920612065                    0                    0                    0                    0                    0                    0                    0                    0                    0                    0                    0                    0                    0                    0                    0                    0
  "BR3.BPM15L3"                          14            "monitor"           142.912834          5.551637516          1.744585009          11.26594338         -4.295508482          3.850467851          3.786688548                    0                    0                    0                    0         -2.803130673         0.7920613666                    0                    0                    0                    0                    0                    0                    0                    0                    0                    0                    0                    0                    0                    0                    0                    0
  "BR3.BPM16L3"                          15            "monitor"           152.730339           5.55162007          1.744581367          11.26598718         -4.295517413          4.115354421          4.045190989                    0                    0                    0                    0         -2.803126743         0.7920614753                    0                    0                    0                    0                    0                    0                    0                    0                    0                    0                    0                    0                    0                    0                    0                    0
