@ NAME                 %s               "PSB3"
@ TYPE                 %s              "twiss"
@ TITLE                %n                  nil
@ ORIGIN               %s "MAD 1.1.14 Linux 64"
@ DATE                 %s           "31/08/26"
@ TIME                 %s           "10:25:17"
@ REFCOL               %s               "name"
@ DIRECTION            %le                    1
@ OBSERVE              %le                    1
@ ENERGY               %le          1.098272088
@ DELTAP               %le                    0
@ LENGTH               %le               157.08
@ ALFAP                %le        0.06269747367
@ Q1                   %le          4.234699971
@ Q2                   %le          4.139499963
@ Q3                   %le                    0
@ DQ1                  %le         -6.507819128
@ DQ2                  %le         -12.90132367
@ DQ3                  %le                    0
* NAME                                INDEX                 KIND                    S                 BETX                 ALFX                 BETY                 ALFY                  MUX                  MUY                    X                   PX                    Y                   PY                   DX                  DPX                   DY                  DPY                  R11                  R12                  R21                  R22                  K1L                  K2L                  K3L                  K4L                  K5L                 K1SL                 K2SL                 K3SL                 K4SL                 K5SL
$ %s                                     %d                   %s                  %le                  %le                  %le                  %le                  %le                  %le                  %le                  %le                  %le                  %le                  %le                  %le                  %le                  %le                  %le                  %le                  %le                  %le                  %le                  %le                  %le                  %le                  %le                  %le                  %le                  %le                  %le                  %le                  %le
  "BR3.BPM1L3"                            0            "monitor"             5.467797          5.453675258          1.726504146          11.47642443         -4.397757209         0.1422035316         0.1690185342                    0                    0                    0                    0         -2.775949803          0.768142897                    0                    0                    0                    0                    0                    0                    0                    0                    0                    0                    0                    0                    0                    0                    0                    0
  "BR3.BPM2L3"                            1            "monitor"            15.285302          5.663914161          1.770691458          11.03888379          -4.18912263         0.4088330426         0.4241950208                    0                    0                    0                    0         -2.890643074         0.8161094185                    0                    0                    0                    0                    0                    0                    0                    0                    0                    0                    0                    0                    0                    0                    0                    0
  "BR3.BPM3L3"                            2            "monitor"            25.102807          5.674468904          1.781094985          11.03930825         -4.229033056         0.6696784431         0.6893552208                    0                    0                    0                    0         -2.892604028          0.819406907                    0                    0                    0                    0                    0                    0                    0                    0                    0                    0                    0                    0                    0                    0                    0                    0
  "BR3.BPM4L3"                            3            "monitor"            34.920312          5.431626857           1.70484029          11.47613339         -4.353716162          0.934564172         0.9445264182                    0                    0                    0                    0         -2.799018253         0.8068771254                    0                    0                    0                    0                    0                    0                    0                    0                    0                    0                    0                    0                    0                    0                    0                    0
  "BR3.BPM5L3"                            4            "monitor"            44.737806          5.670293355          1.787917894          11.09208573          -4.25305374          1.198810774          1.206668563                    0                    0                    0                    0         -2.714471808         0.7619483225                    0                    0                    0                    0                    0                    0                    0                    0                    0                    0                    0                    0                    0                    0                    0                    0
  "BR3.BPM6L3"                            5            "monitor"            54.555311          5.444136407          1.700917502          11.41895927           -4.3285441          1.464967882          1.461260142                    0                    0                    0                    0         -2.823843314         0.7828705439                    0                    0                    0                    0                    0                    0                    0                    0                    0                    0                    0                    0                    0                    0                    0                    0
  "BR3.BPM7L3"                            6            "monitor"            64.372816          5.649860859           1.78879844          11.15306395         -4.279102156          1.728007424          1.723893252                    0                    0                    0                    0         -2.887959368         0.8238911006                    0                    0                    0                    0                    0                    0                    0                    0                    0                    0                    0                    0                    0                    0                    0                    0
  "BR3.BPM8L3"                            7            "monitor"            74.190321          5.471677967          1.703088938          11.35511919         -4.301966055           1.99525898          1.978083341                    0                    0                    0                    0         -2.766603096          0.795306486                    0                    0                    0                    0                    0                    0                    0                    0                    0                    0                    0                    0                    0                    0                    0                    0
  "BR3.BPM9L3"                            8            "monitor"            84.007826           5.61603291          1.783621913          11.21938017         -4.305975459          2.257346205          2.241019697                    0                    0                    0                    0         -2.725147495         0.7596254098                    0                    0                    0                    0                    0                    0                    0                    0                    0                    0                    0                    0                    0                    0                    0                    0
  "BR3.BPM10L3"                           9            "monitor"             93.82532          5.510511162          1.711068876          11.28733181         -4.275154102          2.525364469          2.495004622                    0                    0                    0                    0          -2.85424741         0.7948751645                    0                    0                    0                    0                    0                    0                    0                    0                    0                    0                    0                    0                    0                    0                    0                    0
  "BR3.BPM11L3"                          10            "monitor"           103.642825          5.573524114          1.773111714          11.28792612         -4.332432595          2.786887145          2.758043033                    0                    0                    0                    0         -2.871580417         0.8239716666                    0                    0                    0                    0                    0                    0                    0                    0                    0                    0                    0                    0                    0                    0                    0                    0
  "BR3.BPM12L3"                          11            "monitor"            113.46033          5.555188462          1.723737644          11.21886881         -4.249365411          3.055240329           3.01202895                    0                    0                    0                    0         -2.739243098          0.783286881                    0                    0                    0                    0                    0                    0                    0                    0                    0                    0                    0                    0                    0                    0                    0                    0
  "BR3.BPM13L3"                          12            "monitor"           123.277835          5.528138114          1.758705737          11.35577354         -4.357308517           3.31666499          3.274963653                    0                    0                    0                    0         -2.746621626         0.7617901195                    0                    0                    0                    0                    0                    0                    0                    0                    0                    0                    0                    0                    0                    0                    0                    0
  "BR3.BPM14L3"                          13            "monitor"           133.095339          5.599564591           1.73934999          11.15274522          -4.22575323          3.584874655          3.529156197                    0                    0                    0                    0         -2.877572387          0.806490408                    0                    0                    0                    0                    0                    0                    0                    0                    0                    0                    0                    0                    0                    0                    0                    0
  "BR3.BPM15L3"                          14            "monitor"           142.912834          5.486227062          1.742412404          11.41964879         -4.379433752          3.846681236           3.79178594                    0                    0                    0                    0         -2.845732345         0.8196373472                    0                    0                    0                    0                    0                    0                    0                    0                    0                    0                    0                    0                    0                    0                    0                    0
  "BR3.BPM16L3"                          15            "monitor"           152.730339          5.637523745          1.755750767          11.09190565         -4.205379027          4.114288927            4.0463815                    0                    0                    0                    0         -2.720722637         0.7724811988                    0                    0                    0                    0                    0                    0                    0                    0                    0                    0                    0                    0                    0                    0                    0                    0
