@ NAME                 %s               "PSB3"
@ TYPE                 %s              "twiss"
@ TITLE                %n                  nil
@ ORIGIN               %s "MAD 1.1.14 Linux 64"
@ DATE                 %s           "31/08/26"
@ TIME                 %s           "01:24:36"
@ REFCOL               %s               "name"
@ DIRECTION            %le                    1
@ OBSERVE              %le                    1
@ ENERGY               %le          1.098272088
@ DELTAP               %le                    0
@ LENGTH               %le               157.08
@ ALFAP                %le        0.06330826837
@ Q1                   %le          4.230042292
@ Q2                   %le          4.119292505
@ Q3                   %le                    0
@ DQ1                  %le         -6.489692691
@ DQ2                  %le         -12.83027415
@ DQ3                  %le                    0
* NAME                                INDEX                 KIND                    S                 BETX                 ALFX                 BETY                 ALFY                  MUX                  MUY                    X                   PX                    Y                   PY                   DX                  DPX                   DY                  DPY                  R11                  R12                  R21                  R22                  K1L                  K2L                  K3L                  K4L                  K5L                 K1SL                 K2SL                 K3SL                 K4SL                 K5SL
$ %s                                     %d                   %s                  %le                  %le                  %le                  %le                  %le                  %le                  %le                  %le                  %le                  %le                  %le                  %le                  %le                  %le                  %le                  %le                  %le                  %le                  %le                  %le                  %le                  %le                  %le                  %le                  %le                  %le                  %le                  %le                  %le
  "BR3.BPM1L3"                            0            "monitor"             5.467797          5.561528409          1.743450574          11.26047632         -4.280192389          0.141783684         0.1668231884                    0                    0                    0                    0         -2.813210765         0.7931329944                    0                    0                    0                    0                    0                    0                    0                    0                    0                    0                    0                    0                    0                    0                    0                    0
  "BR3.BPM2L3"                            1            "monitor"            15.285302          5.561510974          1.743446942          11.26052009         -4.280201271         0.4061614704         0.4242790357                    0                    0                    0                    0         -2.813206733         0.7931328969                    0                    0                    0                    0                    0                    0                    0                    0                    0                    0                    0                    0                    0                    0                    0                    0
  "BR3.BPM3L3"                            2            "monitor"            25.102807           5.56149354           1.74344331          11.26056215         -4.280209616         0.6705392567         0.6817348926                    0                    0                    0                    0         -2.813203049         0.7931329593                    0                    0                    0                    0                    0                    0                    0                    0                    0                    0                    0                    0                    0                    0                    0                    0
  "BR3.BPM4L3"                            3            "monitor"            34.920312          5.561476105          1.743439679          11.26060549         -4.280218366         0.9349170431         0.9391907421                    0                    0                    0                    0          -2.81319935         0.7931331166                    0                    0                    0                    0                    0                    0                    0                    0                    0                    0                    0                    0                    0                    0                    0                    0
  "BR3.BPM5L3"                            4            "monitor"            44.737806          5.561497027          1.743444037          11.26055362         -4.280207919          1.199294515          1.196646442                    0                    0                    0                    0         -2.813203678         0.7931330226                    0                    0                    0                    0                    0                    0                    0                    0                    0                    0                    0                    0                    0                    0                    0                    0
  "BR3.BPM6L3"                            5            "monitor"            54.555311          5.561479592          1.743440405          11.26059703         -4.280216665          1.463672301           1.45410229                    0                    0                    0                    0         -2.813199373         0.7931328145                    0                    0                    0                    0                    0                    0                    0                    0                    0                    0                    0                    0                    0                    0                    0                    0
  "BR3.BPM7L3"                            6            "monitor"            64.372816          5.561462158          1.743436773          11.26063918          -4.28022504          1.728050087          1.711558146                    0                    0                    0                    0         -2.813195851         0.7931328813                    0                    0                    0                    0                    0                    0                    0                    0                    0                    0                    0                    0                    0                    0                    0                    0
  "BR3.BPM8L3"                            7            "monitor"            74.190321          5.561444723          1.743433141          11.26068244         -4.280233762          1.992427874          1.969013995                    0                    0                    0                    0         -2.813192396         0.7931331483                    0                    0                    0                    0                    0                    0                    0                    0                    0                    0                    0                    0                    0                    0                    0                    0
  "BR3.BPM9L3"                            8            "monitor"            84.007826          5.561427289           1.74342951          11.26072482         -4.280242214           2.25680566          2.226469849                    0                    0                    0                    0         -2.813187793         0.7931330302                    0                    0                    0                    0                    0                    0                    0                    0                    0                    0                    0                    0                    0                    0                    0                    0
  "BR3.BPM10L3"                           9            "monitor"             93.82532           5.56144821          1.743433868          11.26067396         -4.280232096          2.521183132          2.483925545                    0                    0                    0                    0         -2.813192306         0.7931328524                    0                    0                    0                    0                    0                    0                    0                    0                    0                    0                    0                    0                    0                    0                    0                    0
  "BR3.BPM11L3"                          10            "monitor"           103.642825          5.561430776          1.743430236          11.26071616         -4.280240442          2.785560918          2.741381396                    0                    0                    0                    0         -2.813188771         0.7931329316                    0                    0                    0                    0                    0                    0                    0                    0                    0                    0                    0                    0                    0                    0                    0                    0
  "BR3.BPM12L3"                          11            "monitor"            113.46033          5.561413342          1.743426604          11.26075968         -4.280249316          3.049938704           2.99883725                    0                    0                    0                    0         -2.813185225         0.7931331661                    0                    0                    0                    0                    0                    0                    0                    0                    0                    0                    0                    0                    0                    0                    0                    0
  "BR3.BPM13L3"                          12            "monitor"           123.277835          5.561395907          1.743422973          11.26080174         -4.280257599          3.314316491          3.256293101                    0                    0                    0                    0         -2.813180651         0.7931330414                    0                    0                    0                    0                    0                    0                    0                    0                    0                    0                    0                    0                    0                    0                    0                    0
  "BR3.BPM14L3"                          13            "monitor"           133.095339           5.56138196          1.743420067          11.26083674         -4.280264756          3.578694248           3.51374894                    0                    0                    0                    0         -2.813177169         0.7931328294                    0                    0                    0                    0                    0                    0                    0                    0                    0                    0                    0                    0                    0                    0                    0                    0
  "BR3.BPM15L3"                          14            "monitor"           142.912834          5.561399394          1.743423699          11.26079318         -4.280255887          3.843071749           3.77120465                    0                    0                    0                    0         -2.813181798         0.7931329923                    0                    0                    0                    0                    0                    0                    0                    0                    0                    0                    0                    0                    0                    0                    0                    0
  "BR3.BPM16L3"                          15            "monitor"           152.730339           5.56138196          1.743420067          11.26083689         -4.280264785          4.107449535          4.028660501                    0                    0                    0                    0         -2.813177873         0.7931331071                    0                    0                    0                    0                    0                    0                    0                    0                    0                    0                    0                    0                    0                    0                    0                    0
