@ NAME                 %s               "PSB3"
@ TYPE                 %s              "twiss"
@ TITLE                %n                  nil
@ ORIGIN               %s "MAD 1.1.14 Linux 64"
@ DATE                 %s           "31/08/26"
@ TIME                 %s           "01:24:36"
@ REFCOL               %s               "name"
@ DIRECTION            %le                    1
@ OBSERVE              %le                    1
@ ENERGY               %le          1.098272088
@ DELTAP               %le                    0
@ LENGTH               %le               157.08
@ ALFAP                %le        0.06297209823
@ Q1                   %le          4.226499971
@ Q2                   %le          4.122799964
@ Q3                   %le                    0
@ DQ1                  %le         -6.490547402
@ DQ2                  %le         -12.82523517
@ DQ3                  %le                    0
* NAME                                INDEX                 KIND                    S                 BETX                 ALFX                 BETY                 ALFY                  MUX                  MUY                    X                   PX                    Y                   PY                   DX                  DPX                   DY                  DPY                  R11                  R12                  R21                  R22                  K1L                  K2L                  K3L                  K4L                  K5L                 K1SL                 K2SL                 K3SL                 K4SL                 K5SL
$ %s                                     %d                   %s                  %le                  %le                  %le                  %le                  %le                  %le                  %le                  %le                  %le                  %le                  %le                  %le                  %le                  %le                  %le                  %le                  %le                  %le                  %le                  %le                  %le                  %le                  %le                  %le                  %le                  %le                  %le                  %le                  %le
  "BR3.BPM1L3"                            0            "monitor"             5.467797          5.464091203          1.726652561          11.47222024         -4.386906792         0.1418240145         0.1686754061                    0                    0                    0                    0         -2.782778706         0.7675755157                    0                    0                    0                    0                    0                    0                    0                    0                    0                    0                    0                    0                    0                    0                    0                    0
  "BR3.BPM2L3"                            1            "monitor"            15.285302          5.673884692          1.768344707           11.0335589         -4.169529281         0.4081191805         0.4221020215                    0                    0                    0                    0         -2.904670635         0.8178008499                    0                    0                    0                    0                    0                    0                    0                    0                    0                    0                    0                    0                    0                    0                    0                    0
  "BR3.BPM3L3"                            2            "monitor"            25.102807          5.687721994          1.781975678          11.03360321         -4.218343827          0.668222568           0.68698847                    0                    0                    0                    0         -2.907314141         0.8222441386                    0                    0                    0                    0                    0                    0                    0                    0                    0                    0                    0                    0                    0                    0                    0                    0
  "BR3.BPM4L3"                            3            "monitor"            34.920312          5.439049485          1.702049022          11.47234849         -4.334473906          0.932760988         0.9404150525                    0                    0                    0                    0          -2.80687593         0.8080390455                    0                    0                    0                    0                    0                    0                    0                    0                    0                    0                    0                    0                    0                    0                    0                    0
  "BR3.BPM5L3"                            4            "monitor"            44.737806          5.681706001          1.788091381          11.08885865         -4.242771034          1.196347901          1.202169588                    0                    0                    0                    0          -2.72023347         0.7613323793                    0                    0                    0                    0                    0                    0                    0                    0                    0                    0                    0                    0                    0                    0                    0                    0
  "BR3.BPM6L3"                            5            "monitor"            54.555311           5.45297142           1.69873573          11.41371241         -4.309238949          1.462132886          1.455088242                    0                    0                    0                    0         -2.836297285         0.7839646487                    0                    0                    0                    0                    0                    0                    0                    0                    0                    0                    0                    0                    0                    0                    0                    0
  "BR3.BPM7L3"                            6            "monitor"            64.372816          5.660305906          1.788489163           11.1504204         -4.268604399          1.724542213          1.717270943                    0                    0                    0                    0         -2.901998196          0.826587729                    0                    0                    0                    0                    0                    0                    0                    0                    0                    0                    0                    0                    0                    0                    0                    0
  "BR3.BPM8L3"                            7            "monitor"            74.190321          5.481052013          1.701245456          11.35001126         -4.283083204          1.991390973          1.969840729                    0                    0                    0                    0         -2.774071891         0.7962650844                    0                    0                    0                    0                    0                    0                    0                    0                    0                    0                    0                    0                    0                    0                    0                    0
  "BR3.BPM9L3"                            8            "monitor"            84.007826          5.626320651          1.783124818          11.21604358         -4.294921458          2.252876256          2.232286289                    0                    0                    0                    0         -2.731444265         0.7591130899                    0                    0                    0                    0                    0                    0                    0                    0                    0                    0                    0                    0                    0                    0                    0                    0
  "BR3.BPM10L3"                           9            "monitor"             93.82532          5.519734725          1.709268765           11.2832898         -4.256885568          2.520469169          2.484678376                    0                    0                    0                    0          -2.86706176         0.7961391052                    0                    0                    0                    0                    0                    0                    0                    0                    0                    0                    0                    0                    0                    0                    0                    0
  "BR3.BPM11L3"                          10            "monitor"           103.642825          5.584174446          1.772698461          11.28333843         -4.320782137          2.781404477          2.747212565                    0                    0                    0                    0         -2.885212716         0.8266104562                    0                    0                    0                    0                    0                    0                    0                    0                    0                    0                    0                    0                    0                    0                    0                    0
  "BR3.BPM12L3"                          11            "monitor"            113.46033          5.563948557          1.721753798          11.21607131         -4.231600472          3.049327745          2.999604819                    0                    0                    0                    0         -2.746320611         0.7840865919                    0                    0                    0                    0                    0                    0                    0                    0                    0                    0                    0                    0                    0                    0                    0                    0
  "BR3.BPM13L3"                          12            "monitor"           123.277835          5.539233245          1.758540554          11.35013838         -4.345319352          3.310158769          3.262050358                    0                    0                    0                    0         -2.753221358         0.7612877825                    0                    0                    0                    0                    0                    0                    0                    0                    0                    0                    0                    0                    0                    0                    0                    0
  "BR3.BPM14L3"                          13            "monitor"           133.095339          5.608019151          1.737095556          11.15060939         -4.208093273          3.577955563          3.514620161                    0                    0                    0                    0         -2.890860082         0.8079252167                    0                    0                    0                    0                    0                    0                    0                    0                    0                    0                    0                    0                    0                    0                    0                    0
  "BR3.BPM15L3"                          14            "monitor"           142.912834          5.497374778           1.74249506          11.41391702         -4.367636154          3.839141299          3.776802683                    0                    0                    0                    0         -2.859124847         0.8223092734                    0                    0                    0                    0                    0                    0                    0                    0                    0                    0                    0                    0                    0                    0                    0                    0
  "BR3.BPM16L3"                          15            "monitor"           152.730339          5.646278416          1.753317425          11.08913205         -4.187174273          4.106371301           4.02972138                    0                    0                    0                    0          -2.72720552         0.7730764683                    0                    0                    0                    0                    0                    0                    0                    0                    0                    0                    0                    0                    0                    0                    0                    0
