@ NAME                 %s               "PSB3"
@ TYPE                 %s              "twiss"
@ TITLE                %n                  nil
@ ORIGIN               %s "MAD 1.1.14 Linux 64"
@ DATE                 %s           "31/08/26"
@ TIME                 %s           "02:23:15"
@ REFCOL               %s               "name"
@ DIRECTION            %le                    1
@ OBSERVE              %le                    1
@ ENERGY               %le          1.098272088
@ DELTAP               %le                    0
@ LENGTH               %le               157.08
@ ALFAP                %le        0.06320895053
@ Q1                   %le          4.232929094
@ Q2                   %le          4.128082302
@ Q3                   %le                    0
@ DQ1                  %le         -6.496910062
@ DQ2                  %le         -12.86709277
@ DQ3                  %le                    0
* NAME                                INDEX                 KIND                    S                 BETX                 ALFX                 BETY                 ALFY                  MUX                  MUY                    X                   PX                    Y                   PY                   DX                  DPX                   DY                  DPY                  R11                  R12                  R21                  R22                  K1L                  K2L                  K3L                  K4L                  K5L                 K1SL                 K2SL                 K3SL                 K4SL                 K5SL
$ %s                                     %d                   %s                  %le                  %le                  %le                  %le                  %le                  %le                  %le                  %le                  %le                  %le                  %le                  %le                  %le                  %le                  %le                  %le                  %le                  %le                  %le                  %le                  %le                  %le                  %le                  %le                  %le                  %le                  %le                  %le                  %le
  "BR3.BPM1L3"                            0            "monitor"             5.467797          5.557747655          1.744197374          11.26207208         -4.287030638         0.1418754108          0.167257443                    0                    0                    0                    0          -2.80962023         0.7929502758                    0                    0                    0                    0                    0                    0                    0                    0                    0                    0                    0                    0                    0                    0                    0                    0
  "BR3.BPM2L3"                            1            "monitor"            15.285302          5.557730213          1.744193738          11.26211587         -4.287039531         0.4064336224         0.4252626527                    0                    0                    0                    0         -2.809616203         0.7929501805                    0                    0                    0                    0                    0                    0                    0                    0                    0                    0                    0                    0                    0                    0                    0                    0
  "BR3.BPM3L3"                            2            "monitor"            25.102807          5.557712771          1.744190101          11.26215804         -4.287047916         0.6709918339         0.6832678719                    0                    0                    0                    0         -2.809612512         0.7929502415                    0                    0                    0                    0                    0                    0                    0                    0                    0                    0                    0                    0                    0                    0                    0                    0
  "BR3.BPM4L3"                            3            "monitor"            34.920312          5.557695329          1.744186465          11.26220141         -4.287056675         0.9355500455         0.9412730838                    0                    0                    0                    0         -2.809608811         0.7929503966                    0                    0                    0                    0                    0                    0                    0                    0                    0                    0                    0                    0                    0                    0                    0                    0
  "BR3.BPM5L3"                            4            "monitor"            44.737806           5.55771626          1.744190828          11.26214951         -4.287046215          1.200107942          1.199278146                    0                    0                    0                    0         -2.809613145         0.7929503042                    0                    0                    0                    0                    0                    0                    0                    0                    0                    0                    0                    0                    0                    0                    0                    0
  "BR3.BPM6L3"                            5            "monitor"            54.555311          5.557698818          1.744187192          11.26219294         -4.287054969          1.464666154          1.457283356                    0                    0                    0                    0         -2.809608844         0.7929500981                    0                    0                    0                    0                    0                    0                    0                    0                    0                    0                    0                    0                    0                    0                    0                    0
  "BR3.BPM7L3"                            6            "monitor"            64.372816          5.557681376          1.744183555           11.2622352         -4.287063386          1.729224365          1.715288574                    0                    0                    0                    0         -2.809605316         0.7929501634                    0                    0                    0                    0                    0                    0                    0                    0                    0                    0                    0                    0                    0                    0                    0                    0
  "BR3.BPM8L3"                            7            "monitor"            74.190321          5.557663934          1.744179919          11.26227848         -4.287072114          1.993782577          1.973293786                    0                    0                    0                    0         -2.809601859         0.7929504285                    0                    0                    0                    0                    0                    0                    0                    0                    0                    0                    0                    0                    0                    0                    0                    0
  "BR3.BPM9L3"                            8            "monitor"            84.007826          5.557646492          1.744176282          11.26232098          -4.28708061          2.258340788          2.231299002                    0                    0                    0                    0         -2.809597263         0.7929503117                    0                    0                    0                    0                    0                    0                    0                    0                    0                    0                    0                    0                    0                    0                    0                    0
  "BR3.BPM10L3"                           9            "monitor"             93.82532          5.557667423          1.744180646          11.26226998         -4.287070444          2.522898685           2.48930406                    0                    0                    0                    0         -2.809601778         0.7929501358                    0                    0                    0                    0                    0                    0                    0                    0                    0                    0                    0                    0                    0                    0                    0                    0
  "BR3.BPM11L3"                          10            "monitor"           103.642825          5.557649981          1.744177009           11.2623123         -4.287078832          2.787456896          2.747309274                    0                    0                    0                    0         -2.809598238         0.7929502138                    0                    0                    0                    0                    0                    0                    0                    0                    0                    0                    0                    0                    0                    0                    0                    0
  "BR3.BPM12L3"                          11            "monitor"            113.46033          5.557632539          1.744173373          11.26235585         -4.287087715          3.052015108           3.00531449                    0                    0                    0                    0          -2.80959469         0.7929504464                    0                    0                    0                    0                    0                    0                    0                    0                    0                    0                    0                    0                    0                    0                    0                    0
  "BR3.BPM13L3"                          12            "monitor"           123.277835          5.557615097          1.744169736          11.26239802         -4.287096037          3.316573319          3.263319703                    0                    0                    0                    0         -2.809590123         0.7929503228                    0                    0                    0                    0                    0                    0                    0                    0                    0                    0                    0                    0                    0                    0                    0                    0
  "BR3.BPM14L3"                          13            "monitor"           133.095339          5.557601144          1.744166827          11.26243303         -4.287103201          3.581131502          3.521324904                    0                    0                    0                    0         -2.809586645         0.7929501128                    0                    0                    0                    0                    0                    0                    0                    0                    0                    0                    0                    0                    0                    0                    0                    0
  "BR3.BPM15L3"                          14            "monitor"           142.912834          5.557618586          1.744170464          11.26238944          -4.28709432          3.845689427          3.779329977                    0                    0                    0                    0         -2.809591267         0.7929502747                    0                    0                    0                    0                    0                    0                    0                    0                    0                    0                    0                    0                    0                    0                    0                    0
  "BR3.BPM16L3"                          15            "monitor"           152.730339          5.557601144          1.744166827          11.26243318          -4.28710323          4.110247639          4.037335191                    0                    0                    0                    0         -2.809587339         0.7929503873                    0                    0                    0                    0                    0                    0                    0                    0                    0                    0                    0                    0                    0                    0                    0                    0
