@ NAME                 %s               "PSB3"
@ TYPE                 %s              "twiss"
@ TITLE                %n                  nil
@ ORIGIN               %s "MAD 1.1.14 Linux 64"
@ DATE                 %s           "31/08/26"
@ TIME                 %s           "02:23:16"
@ REFCOL               %s               "name"
@ DIRECTION            %le                    1
@ OBSERVE              %le                    1
@ ENERGY               %le          1.098272088
@ DELTAP               %le                    0
@ LENGTH               %le               157.08
@ ALFAP                %le        0.06287772014
@ Q1                   %le          4.229399971
@ Q2                   %le          4.131599964
@ Q3                   %le                    0
@ DQ1                  %le         -6.497755735
@ DQ2                  %le         -12.86132371
@ DQ3                  %le                    0
* NAME                                INDEX                 KIND                    S                 BETX                 ALFX                 BETY                 ALFY                  MUX                  MUY                    X                   PX                    Y                   PY                   DX                  DPX                   DY                  DPY                  R11                  R12                  R21                  R22                  K1L                  K2L                  K3L                  K4L                  K5L                 K1SL                 K2SL                 K3SL                 K4SL                 K5SL
$ %s                                     %d                   %s                  %le                  %le                  %le                  %le                  %le                  %le                  %le                  %le                  %le                  %le                  %le                  %le                  %le                  %le                  %le                  %le                  %le                  %le                  %le                  %le                  %le                  %le                  %le                  %le                  %le                  %le                  %le                  %le                  %le
  "BR3.BPM1L3"                            0            "monitor"             5.467797          5.459868299          1.726886578          11.47531485         -4.392289289         0.1419540761         0.1688545286                    0                    0                    0                    0         -2.780293806          0.767927402                    0                    0                    0                    0                    0                    0                    0                    0                    0                    0                    0                    0                    0                    0                    0                    0
  "BR3.BPM2L3"                            1            "monitor"            15.285302          5.670279866           1.76958161          11.03305751         -4.177737709         0.4083712098         0.4231838103                    0                    0                    0                    0         -2.899847052         0.8174578966                    0                    0                    0                    0                    0                    0                    0                    0                    0                    0                    0                    0                    0                    0                    0                    0
  "BR3.BPM3L3"                            2            "monitor"            25.102807          5.682966858          1.782081711          11.03331515         -4.222063154         0.6687292401          0.688262791                    0                    0                    0                    0         -2.902247337         0.8214926647                    0                    0                    0                    0                    0                    0                    0                    0                    0                    0                    0                    0                    0                    0                    0                    0
  "BR3.BPM4L3"                            3            "monitor"            34.920312          5.435847352           1.70328543          11.47521096         -4.344039146         0.9333900481         0.9425893572                    0                    0                    0                    0         -2.804076998         0.8078608294                    0                    0                    0                    0                    0                    0                    0                    0                    0                    0                    0                    0                    0                    0                    0                    0
  "BR3.BPM5L3"                            4            "monitor"            44.737806          5.677589246          1.788461428          11.08782492         -4.246520682          1.197210241          1.204565925                    0                    0                    0                    0         -2.717988866         0.7616839376                    0                    0                    0                    0                    0                    0                    0                    0                    0                    0                    0                    0                    0                    0                    0                    0
  "BR3.BPM6L3"                            5            "monitor"            54.555311           5.44929932          1.699749754          11.41676764         -4.318592266          1.463129247          1.458341749                    0                    0                    0                    0         -2.831879185         0.7837516265                    0                    0                    0                    0                    0                    0                    0                    0                    0                    0                    0                    0                    0                    0                    0                    0
  "BR3.BPM7L3"                            6            "monitor"            64.372816          5.656486428          1.789029821          11.14967029         -4.272711652           1.72575878          1.720783682                    0                    0                    0                    0          -2.89716077         0.8258969719                    0                    0                    0                    0                    0                    0                    0                    0                    0                    0                    0                    0                    0                    0                    0                    0
  "BR3.BPM8L3"                            7            "monitor"            74.190321          5.477247697          1.702146643          11.35239202         -4.291971541          1.992754754          1.974179613                    0                    0                    0                    0         -2.771336206          0.796129944                    0                    0                    0                    0                    0                    0                    0                    0                    0                    0                    0                    0                    0                    0                    0                    0
  "BR3.BPM9L3"                            8            "monitor"            84.007826          5.622486911          1.783718798           11.2162671         -4.299561509          2.254448217          2.236908116                    0                    0                    0                    0         -2.729032782         0.7594226468                    0                    0                    0                    0                    0                    0                    0                    0                    0                    0                    0                    0                    0                    0                    0                    0
  "BR3.BPM10L3"                           9            "monitor"             93.82532          5.516062799          1.710173505          11.28449572         -4.265214023           2.52219794          2.490110239                    0                    0                    0                    0         -2.862585555         0.7958956915                    0                    0                    0                    0                    0                    0                    0                    0                    0                    0                    0                    0                    0                    0                    0                    0
  "BR3.BPM11L3"                          10            "monitor"           103.642825          5.580126313          1.773238706          11.28483682         -4.325968433          2.783335058          2.752935261                    0                    0                    0                    0         -2.880483304         0.8259397637                    0                    0                    0                    0                    0                    0                    0                    0                    0                    0                    0                    0                    0                    0                    0                    0
  "BR3.BPM12L3"                          11            "monitor"            113.46033          5.560531298          1.722752108          11.21600548         -4.239436525          3.051417502          3.006137967                    0                    0                    0                    0         -2.743661187         0.7839781263                    0                    0                    0                    0                    0                    0                    0                    0                    0                    0                    0                    0                    0                    0                    0                    0
  "BR3.BPM13L3"                          12            "monitor"           123.277835          5.534934904          1.758960731          11.35280283           -4.3509055          3.312452264          3.268865625                    0                    0                    0                    0         -2.750750577         0.7615998999                    0                    0                    0                    0                    0                    0                    0                    0                    0                    0                    0                    0                    0                    0                    0                    0
  "BR3.BPM14L3"                          13            "monitor"           133.095339          5.604802415          1.738224784          11.14958482          -4.21565909          3.580402012          3.522262806                    0                    0                    0                    0         -2.886269268         0.8076497501                    0                    0                    0                    0                    0                    0                    0                    0                    0                    0                    0                    0                    0                    0                    0                    0
  "BR3.BPM15L3"                          14            "monitor"           142.912834          5.492968402          1.742790395          11.41723579         -4.373328828          3.841801798          3.784702945                    0                    0                    0                    0         -2.854421906         0.8216152639                    0                    0                    0                    0                    0                    0                    0                    0                    0                    0                    0                    0                    0                    0                    0                    0
  "BR3.BPM16L3"                          15            "monitor"           152.730339          5.643039279           1.75454809          11.08784973         -4.194828287          4.109171154          4.038480811                    0                    0                    0                    0         -2.724714763         0.7730140269                    0                    0                    0                    0                    0                    0                    0                    0                    0                    0                    0                    0                    0                    0                    0                    0
