@ NAME                 %s               "PSB3"
@ TYPE                 %s              "twiss"
@ TITLE                %n                  nil
@ ORIGIN               %s "MAD 1.1.15 Linux 64"
@ DATE                 %s           "11/09/26"
@ TIME                 %s           "23:00:06"
@ REFCOL               %s               "name"
@ DIRECTION            %le                    1
@ OBSERVE              %le                    1
@ ENERGY               %le          1.098272088
@ DELTAP               %le                    0
@ LENGTH               %le               157.08
@ ALFAP                %le        0.06515516032
@ Q1                   %le          4.173145931
@ Q2                   %le          4.228892791
@ Q3                   %le                    0
@ DQ1                  %le         -6.455380986
@ DQ2                  %le          -12.9966058
@ DQ3                  %le                    0
* NAME                                INDEX                 KIND                    S                 BETX                 ALFX                 BETY                 ALFY                  MUX                  MUY                    X                   PX                    Y                   PY                   DX                  DPX                   DY                  DPY                  R11                  R12                  R21                  R22                  K1L                  K2L                  K3L                  K4L                  K5L                 K1SL                 K2SL                 K3SL                 K4SL                 K5SL
$ %s                                     %d                   %s                  %le                  %le                  %le                  %le                  %le                  %le                  %le                  %le                  %le                  %le                  %le                  %le                  %le                  %le                  %le                  %le                  %le                  %le                  %le                  %le                  %le                  %le                  %le                  %le                  %le                  %le                  %le                  %le                  %le
  "BR3.BPM1L3"                            0            "monitor"             5.467797          5.606180287          1.762330359          11.22036623         -4.292897978         0.1394800636         0.1721443928                    0                    0                    0                    0         -2.883571335         0.8168641957                    0                    0                    0                    0                    0                    0                    0                    0                    0                    0                    0                    0                    0                    0                    0                    0
  "BR3.BPM2L3"                            1            "monitor"            15.285302          5.606162664          1.762326697          11.22040989         -4.292906858         0.4003018263         0.4364502586                    0                    0                    0                    0         -2.883567088          0.816864038                    0                    0                    0                    0                    0                    0                    0                    0                    0                    0                    0                    0                    0                    0                    0                    0
  "BR3.BPM3L3"                            2            "monitor"            25.102807          5.606145041          1.762323036          11.22045236         -4.292915386          0.661123589         0.7007561335                    0                    0                    0                    0          -2.88356346         0.8168641395                    0                    0                    0                    0                    0                    0                    0                    0                    0                    0                    0                    0                    0                    0                    0                    0
  "BR3.BPM4L3"                            3            "monitor"            34.920312          5.606127417          1.762319374           11.2204955         -4.292924095         0.9219453516         0.9650620013                    0                    0                    0                    0          -2.88355973         0.8168643551                    0                    0                    0                    0                    0                    0                    0                    0                    0                    0                    0                    0                    0                    0                    0                    0
  "BR3.BPM5L3"                            4            "monitor"            44.737806          5.606148565          1.762323768          11.22044384         -4.292913684          1.182766802          1.229367718                    0                    0                    0                    0         -2.883564023         0.8168642201                    0                    0                    0                    0                    0                    0                    0                    0                    0                    0                    0                    0                    0                    0                    0                    0
  "BR3.BPM6L3"                            5            "monitor"            54.555311          5.606130942          1.762320106          11.22048699         -4.292922367          1.443588565          1.493673585                    0                    0                    0                    0         -2.883559517         0.8168639553                    0                    0                    0                    0                    0                    0                    0                    0                    0                    0                    0                    0                    0                    0                    0                    0
  "BR3.BPM7L3"                            6            "monitor"            64.372816          5.606113319          1.762316444          11.22052968         -4.292930975          1.704410327          1.757979458                    0                    0                    0                    0          -2.88355605         0.8168640631                    0                    0                    0                    0                    0                    0                    0                    0                    0                    0                    0                    0                    0                    0                    0                    0
  "BR3.BPM8L3"                            7            "monitor"            74.190321          5.606095696          1.762312782          11.22057262         -4.292939615           1.96523209          2.022285326                    0                    0                    0                    0         -2.883552557         0.8168643849                    0                    0                    0                    0                    0                    0                    0                    0                    0                    0                    0                    0                    0                    0                    0                    0
  "BR3.BPM9L3"                            8            "monitor"            84.007826          5.606078073           1.76230912          11.22061559         -4.292948307          2.226053853          2.286591198                    0                    0                    0                    0         -2.883547672         0.8168642292                    0                    0                    0                    0                    0                    0                    0                    0                    0                    0                    0                    0                    0                    0                    0                    0
  "BR3.BPM10L3"                           9            "monitor"             93.82532           5.60609922          1.762313515          11.22056413         -4.292937942          2.486875303          2.550896912                    0                    0                    0                    0         -2.883552241          0.816863996                    0                    0                    0                    0                    0                    0                    0                    0                    0                    0                    0                    0                    0                    0                    0                    0
  "BR3.BPM11L3"                          10            "monitor"           103.642825          5.606081597          1.762309853          11.22060686         -4.292946502          2.747697066           2.81520278                    0                    0                    0                    0          -2.88354875         0.8168641117                    0                    0                    0                    0                    0                    0                    0                    0                    0                    0                    0                    0                    0                    0                    0                    0
  "BR3.BPM12L3"                          11            "monitor"            113.46033          5.606063974          1.762306191          11.22065016         -4.292955344          3.008518828          3.079508653                    0                    0                    0                    0          -2.88354517         0.8168644009                    0                    0                    0                    0                    0                    0                    0                    0                    0                    0                    0                    0                    0                    0                    0                    0
  "BR3.BPM13L3"                          12            "monitor"           123.277835          5.606046351          1.762302529          11.22069264         -4.292963795          3.269340591          3.343814521                    0                    0                    0                    0         -2.883540321         0.8168642416                    0                    0                    0                    0                    0                    0                    0                    0                    0                    0                    0                    0                    0                    0                    0                    0
  "BR3.BPM14L3"                          13            "monitor"           133.095339          5.606032253            1.7622996           11.2207275         -4.292970944          3.530162325          3.608120379                    0                    0                    0                    0         -2.883536653         0.8168639741                    0                    0                    0                    0                    0                    0                    0                    0                    0                    0                    0                    0                    0                    0                    0                    0
  "BR3.BPM15L3"                          14            "monitor"           142.912834          5.606049876          1.762303261          11.22068401         -4.292962055          3.790983804          3.872426106                    0                    0                    0                    0         -2.883541556         0.8168641697                    0                    0                    0                    0                    0                    0                    0                    0                    0                    0                    0                    0                    0                    0                    0                    0
  "BR3.BPM16L3"                          15            "monitor"           152.730339          5.606032253            1.7622996          11.22072767         -4.292970978          4.051805567          4.136731977                    0                    0                    0                    0         -2.883537611         0.8168643432                    0                    0                    0                    0                    0                    0                    0                    0                    0                    0                    0                    0                    0                    0                    0                    0
