@ NAME                 %s               "PSB3"
@ TYPE                 %s              "twiss"
@ TITLE                %n                  nil
@ ORIGIN               %s "MAD 1.1.15 Linux 64"
@ DATE                 %s           "14/09/26"
@ TIME                 %s           "10:15:05"
@ REFCOL               %s               "name"
@ DIRECTION            %le                    1
@ OBSERVE              %le                    1
@ ENERGY               %le          1.098272088
@ DELTAP               %le                    0
@ LENGTH               %le               157.08
@ ALFAP                %le        0.06473652314
@ Q1                   %le               4.1696
@ Q2                   %le          4.232400001
@ Q3                   %le                    0
@ DQ1                  %le         -6.456622501
@ DQ2                  %le         -12.98774314
@ DQ3                  %le                    0
* NAME                                INDEX                 KIND                    S                 BETX                 ALFX                 BETY                 ALFY                  MUX                  MUY                    X                   PX                    Y                   PY                   DX                  DPX                   DY                  DPY                  R11                  R12                  R21                  R22                  K1L                  K2L                  K3L                  K4L                  K5L                 K1SL                 K2SL                 K3SL                 K4SL                 K5SL
$ %s                                     %d                   %s                  %le                  %le                  %le                  %le                  %le                  %le                  %le                  %le                  %le                  %le                  %le                  %le                  %le                  %le                  %le                  %le                  %le                  %le                  %le                  %le                  %le                  %le                  %le                  %le                  %le                  %le                  %le                  %le                  %le
  "BR3.BPM1L3"                            0            "monitor"             5.467797          5.525219881          1.757438422          11.45279938         -4.390428071         0.1386816189          0.171843836                    0                    0                    0                    0         -2.826836468         0.7793041854                    0                    0                    0                    0                    0                    0                    0                    0                    0                    0                    0                    0                    0                    0                    0                    0
  "BR3.BPM2L3"                            1            "monitor"            15.285302          5.705574322          1.775209952           10.9799507          -4.19610475         0.4025999438         0.4350858992                    0                    0                    0                    0          -2.99774871         0.8440011244                    0                    0                    0                    0                    0                    0                    0                    0                    0                    0                    0                    0                    0                    0                    0                    0
  "BR3.BPM3L3"                            2            "monitor"            25.102807          5.743914658          1.812861217          10.98048295         -4.206099909         0.6578587133         0.7036872048                    0                    0                    0                    0         -3.006549024         0.8587252459                    0                    0                    0                    0                    0                    0                    0                    0                    0                    0                    0                    0                    0                    0                    0                    0
  "BR3.BPM4L3"                            3            "monitor"            34.920312          5.478698695           1.71181039          11.45206074         -4.372736362         0.9200900159          0.966899342                    0                    0                    0                    0         -2.857306104         0.8302809381                    0                    0                    0                    0                    0                    0                    0                    0                    0                    0                    0                    0                    0                    0                    0                    0
  "BR3.BPM5L3"                            4            "monitor"            44.737806           5.72803232          1.814118025          11.01572002         -4.226875169          1.179009141          1.232883772                    0                    0                    0                    0         -2.764145847         0.7731800182                    0                    0                    0                    0                    0                    0                    0                    0                    0                    0                    0                    0                    0                    0                    0                    0
  "BR3.BPM6L3"                            5            "monitor"            54.555311           5.49919149          1.712444026          11.40274439         -4.347256703          1.442198294          1.494987435                    0                    0                    0                    0         -2.926040087         0.8093833449                    0                    0                    0                    0                    0                    0                    0                    0                    0                    0                    0                    0                    0                    0                    0                    0
  "BR3.BPM7L3"                            6            "monitor"            64.372816           5.70328162          1.811600327          11.07758533         -4.256249986          1.700235472          1.761950905                    0                    0                    0                    0         -2.997201366         0.8615647583                    0                    0                    0                    0                    0                    0                    0                    0                    0                    0                    0                    0                    0                    0                    0                    0
  "BR3.BPM8L3"                            7            "monitor"            74.190321          5.527640331          1.716778013           11.3305684         -4.314982784          1.964208105           2.02322756                    0                    0                    0                    0         -2.825629392         0.8182708978                    0                    0                    0                    0                    0                    0                    0                    0                    0                    0                    0                    0                    0                    0                    0                    0
  "BR3.BPM9L3"                            8            "monitor"            84.007826          5.671519584          1.805500914          11.15808608         -4.290451366          2.221567793          2.290830156                    0                    0                    0                    0          -2.77777362         0.7719724118                    0                    0                    0                    0                    0                    0                    0                    0                    0                    0                    0                    0                    0                    0                    0                    0
  "BR3.BPM10L3"                           9            "monitor"             93.82532          5.562026621          1.724508916          11.24458402         -4.280006128          2.486092066          2.551667667                    0                    0                    0                    0         -2.955848414          0.821557551                    0                    0                    0                    0                    0                    0                    0                    0                    0                    0                    0                    0                    0                    0                    0                    0
  "BR3.BPM11L3"                          10            "monitor"           103.642825           5.63511831           1.79627593          11.24684311         -4.325088272          2.743029158          2.819488819                    0                    0                    0                    0         -2.979498975         0.8611181513                    0                    0                    0                    0                    0                    0                    0                    0                    0                    0                    0                    0                    0                    0                    0                    0
  "BR3.BPM12L3"                          11            "monitor"            113.46033          5.599746823          1.735052697          11.15597515         -4.246837383          3.007834037          3.080332131                    0                    0                    0                    0         -2.798210998         0.8061574416                    0                    0                    0                    0                    0                    0                    0                    0                    0                    0                    0                    0                    0                    0                    0                    0
  "BR3.BPM13L3"                          12            "monitor"           123.277835          5.596675029          1.784587135          11.33269432         -4.355769437          3.264634681          3.347923706                    0                    0                    0                    0         -2.799186057         0.7740651036                    0                    0                    0                    0                    0                    0                    0                    0                    0                    0                    0                    0                    0                    0                    0                    0
  "BR3.BPM14L3"                          13            "monitor"           133.095339          5.638066448          1.747642224          11.07598113         -4.219699778          3.529427824          3.609216548                    0                    0                    0                    0         -2.980333078         0.8333866401                    0                    0                    0                    0                    0                    0                    0                    0                    0                    0                    0                    0                    0                    0                    0                    0
  "BR3.BPM15L3"                          14            "monitor"           142.912834          5.559092139          1.771309783          11.40448058         -4.378534714          3.786387986          3.876159231                    0                    0                    0                    0         -2.954742792         0.8574181461                    0                    0                    0                    0                    0                    0                    0                    0                    0                    0                    0                    0                    0                    0                    0                    0
  "BR3.BPM16L3"                          15            "monitor"           152.730339          5.674194234          1.761357244          11.01477536         -4.202052438            4.0508783          4.138287556                    0                    0                    0                    0         -2.777066124         0.7948310513                    0                    0                    0                    0                    0                    0                    0                    0                    0                    0                    0                    0                    0                    0                    0                    0
