@ NAME                 %s               "PSB3"
@ TYPE                 %s              "twiss"
@ TITLE                %n                  nil
@ ORIGIN               %s "MAD 1.1.14 Linux 64"
@ DATE                 %s           "31/08/26"
@ TIME                 %s           "03:52:47"
@ REFCOL               %s               "name"
@ DIRECTION            %le                    1
@ OBSERVE              %le                    1
@ ENERGY               %le          1.098272088
@ DELTAP               %le                    0
@ LENGTH               %le               157.08
@ ALFAP                %le         0.0650519583
@ Q1                   %le           4.17745224
@ Q2                   %le           4.23725718
@ Q3                   %le                    0
@ DQ1                  %le         -6.464211957
@ DQ2                  %le         -13.09322175
@ DQ3                  %le                    0
* NAME                                INDEX                 KIND                    S                 BETX                 ALFX                 BETY                 ALFY                  MUX                  MUY                    X                   PX                    Y                   PY                   DX                  DPX                   DY                  DPY                  R11                  R12                  R21                  R22                  K1L                  K2L                  K3L                  K4L                  K5L                 K1SL                 K2SL                 K3SL                 K4SL                 K5SL
$ %s                                     %d                   %s                  %le                  %le                  %le                  %le                  %le                  %le                  %le                  %le                  %le                  %le                  %le                  %le                  %le                  %le                  %le                  %le                  %le                  %le                  %le                  %le                  %le                  %le                  %le                  %le                  %le                  %le                  %le                  %le                  %le
  "BR3.BPM1L3"                            0            "monitor"             5.467797           5.60092471          1.762822077          11.22426618         -4.301043527          0.139624733         0.1725658736                    0                    0                    0                    0         -2.878032455         0.8161992736                    0                    0                    0                    0                    0                    0                    0                    0                    0                    0                    0                    0                    0                    0                    0                    0
  "BR3.BPM2L3"                            1            "monitor"            15.285302          5.600907082          1.762818411          11.22430992         -4.301052434         0.4007156401         0.4373945136                    0                    0                    0                    0         -2.878028221         0.8161991216                    0                    0                    0                    0                    0                    0                    0                    0                    0                    0                    0                    0                    0                    0                    0                    0
  "BR3.BPM3L3"                            2            "monitor"            25.102807          5.600889454          1.762814744          11.22435248         -4.301060994         0.6618065471         0.7022231629                    0                    0                    0                    0         -2.878024579         0.8161992194                    0                    0                    0                    0                    0                    0                    0                    0                    0                    0                    0                    0                    0                    0                    0                    0
  "BR3.BPM4L3"                            3            "monitor"            34.920312          5.600871826          1.762811077          11.22439569         -4.301069726         0.9228974542         0.9670518049                    0                    0                    0                    0         -2.878020843         0.8161994295                    0                    0                    0                    0                    0                    0                    0                    0                    0                    0                    0                    0                    0                    0                    0                    0
  "BR3.BPM5L3"                            4            "monitor"            44.737806          5.600892979          1.762815477          11.22434395         -4.301059287          1.183988049          1.231880296                    0                    0                    0                    0          -2.87802515         0.8161992982                    0                    0                    0                    0                    0                    0                    0                    0                    0                    0                    0                    0                    0                    0                    0                    0
  "BR3.BPM6L3"                            5            "monitor"            54.555311          5.600875351           1.76281181          11.22438716         -4.301067991          1.445078956          1.496708937                    0                    0                    0                    0         -2.878020656         0.8161990389                    0                    0                    0                    0                    0                    0                    0                    0                    0                    0                    0                    0                    0                    0                    0                    0
  "BR3.BPM7L3"                            6            "monitor"            64.372816          5.600857723          1.762808143          11.22442996         -4.301076636          1.706169863          1.761537585                    0                    0                    0                    0         -2.878017175         0.8161991429                    0                    0                    0                    0                    0                    0                    0                    0                    0                    0                    0                    0                    0                    0                    0                    0
  "BR3.BPM8L3"                            7            "monitor"            74.190321          5.600840095          1.762804477          11.22447295         -4.301085294           1.96726077          2.026366227                    0                    0                    0                    0         -2.878013677         0.8161994595                    0                    0                    0                    0                    0                    0                    0                    0                    0                    0                    0                    0                    0                    0                    0                    0
  "BR3.BPM9L3"                            8            "monitor"            84.007826          5.600822467           1.76280081          11.22451602         -4.301094024          2.228351677          2.291194872                    0                    0                    0                    0         -2.878008812         0.8161993072                    0                    0                    0                    0                    0                    0                    0                    0                    0                    0                    0                    0                    0                    0                    0                    0
  "BR3.BPM10L3"                           9            "monitor"             93.82532          5.600843621           1.76280521          11.22446444         -4.301083617          2.489442272          2.556023361                    0                    0                    0                    0         -2.878013385         0.8161990794                    0                    0                    0                    0                    0                    0                    0                    0                    0                    0                    0                    0                    0                    0                    0                    0
  "BR3.BPM11L3"                          10            "monitor"           103.642825          5.600825993          1.762801543          11.22450728         -4.301092211          2.750533179          2.820852003                    0                    0                    0                    0         -2.878009881         0.8161991917                    0                    0                    0                    0                    0                    0                    0                    0                    0                    0                    0                    0                    0                    0                    0                    0
  "BR3.BPM12L3"                          11            "monitor"            113.46033          5.600808365          1.762797876          11.22455065         -4.301101077          3.011624086          3.085680651                    0                    0                    0                    0         -2.878006296         0.8161994756                    0                    0                    0                    0                    0                    0                    0                    0                    0                    0                    0                    0                    0                    0                    0                    0
  "BR3.BPM13L3"                          12            "monitor"           123.277835          5.600790737          1.762794209          11.22459322         -4.301109558          3.272714993          3.350509293                    0                    0                    0                    0         -2.878001467         0.8161993196                    0                    0                    0                    0                    0                    0                    0                    0                    0                    0                    0                    0                    0                    0                    0                    0
  "BR3.BPM14L3"                          13            "monitor"           133.095339          5.600776634          1.762791276          11.22462813          -4.30111673          3.533805872          3.615337926                    0                    0                    0                    0          -2.87799781         0.8161990574                    0                    0                    0                    0                    0                    0                    0                    0                    0                    0                    0                    0                    0                    0                    0                    0
  "BR3.BPM15L3"                          14            "monitor"           142.912834          5.600794262          1.762794943          11.22458457         -4.301107811          3.794896495          3.880166427                    0                    0                    0                    0         -2.878002694         0.8161992499                    0                    0                    0                    0                    0                    0                    0                    0                    0                    0                    0                    0                    0                    0                    0                    0
  "BR3.BPM16L3"                          15            "monitor"           152.730339          5.600776634          1.762791276          11.22462831         -4.301116766          4.055987402          4.144995071                    0                    0                    0                    0         -2.877998743         0.8161994178                    0                    0                    0                    0                    0                    0                    0                    0                    0                    0                    0                    0                    0                    0                    0                    0
