@ NAME                 %s               "PSB3"
@ TYPE                 %s              "twiss"
@ TITLE                %n                  nil
@ ORIGIN               %s "MAD 1.1.14 Linux 64"
@ DATE                 %s           "31/08/26"
@ TIME                 %s           "03:52:47"
@ REFCOL               %s               "name"
@ DIRECTION            %le                    1
@ OBSERVE              %le                    1
@ ENERGY               %le          1.098272088
@ DELTAP               %le                    0
@ LENGTH               %le               157.08
@ ALFAP                %le        0.06465015104
@ Q1                   %le          4.173999972
@ Q2                   %le          4.240799962
@ Q3                   %le                    0
@ DQ1                  %le         -6.465323994
@ DQ2                  %le         -13.08418172
@ DQ3                  %le                    0
* NAME                                INDEX                 KIND                    S                 BETX                 ALFX                 BETY                 ALFY                  MUX                  MUY                    X                   PX                    Y                   PY                   DX                  DPX                   DY                  DPY                  R11                  R12                  R21                  R22                  K1L                  K2L                  K3L                  K4L                  K5L                 K1SL                 K2SL                 K3SL                 K4SL                 K5SL
$ %s                                     %d                   %s                  %le                  %le                  %le                  %le                  %le                  %le                  %le                  %le                  %le                  %le                  %le                  %le                  %le                  %le                  %le                  %le                  %le                  %le                  %le                  %le                  %le                  %le                  %le                  %le                  %le                  %le                  %le                  %le                  %le
  "BR3.BPM1L3"                            0            "monitor"             5.467797          5.520847834          1.757039232          11.46194449         -4.399869371         0.1389180766         0.1721373103                    0                    0                    0                    0          -2.82532864         0.7807709291                    0                    0                    0                    0                    0                    0                    0                    0                    0                    0                    0                    0                    0                    0                    0                    0
  "BR3.BPM2L3"                            1            "monitor"            15.285302          5.698606445          1.776363218           10.9801706         -4.203762063         0.4029227361         0.4360549608                    0                    0                    0                    0         -2.986965731         0.8424107409                    0                    0                    0                    0                    0                    0                    0                    0                    0                    0                    0                    0                    0                    0                    0                    0
  "BR3.BPM3L3"                            2            "monitor"            25.102807          5.733882421          1.811011336          10.98063666         -4.211626011         0.6587056333         0.7050453012                    0                    0                    0                    0         -2.994951581         0.8557723891                    0                    0                    0                    0                    0                    0                    0                    0                    0                    0                    0                    0                    0                    0                    0                    0
  "BR3.BPM4L3"                            3            "monitor"            34.920312          5.477389264          1.714411485          11.46121031         -4.383859708         0.9210622414         0.9689293822                    0                    0                    0                    0         -2.854392646         0.8293955934                    0                    0                    0                    0                    0                    0                    0                    0                    0                    0                    0                    0                    0                    0                    0                    0
  "BR3.BPM5L3"                            4            "monitor"            44.737806          5.719048447          1.812549632          11.01371216         -4.232027014          1.180397671          1.235322531                    0                    0                    0                    0         -2.764388511         0.7747884586                    0                    0                    0                    0                    0                    0                    0                    0                    0                    0                    0                    0                    0                    0                    0                    0
  "BR3.BPM6L3"                            5            "monitor"            54.555311          5.496916324          1.714777753          11.41262571         -4.358198711          1.443706584          1.498029191                    0                    0                    0                    0         -2.917473611         0.8087696613                    0                    0                    0                    0                    0                    0                    0                    0                    0                    0                    0                    0                    0                    0                    0                    0
  "BR3.BPM7L3"                            6            "monitor"            64.372816          5.695181184          1.810280588          11.07618299         -4.262071577          1.702163994          1.765467559                    0                    0                    0                    0          -2.98615926         0.8586445821                    0                    0                    0                    0                    0                    0                    0                    0                    0                    0                    0                    0                    0                    0                    0                    0
  "BR3.BPM8L3"                            7            "monitor"            74.190321          5.524558235          1.718884273          11.33867604         -4.324860187          1.966253648          2.027287858                    0                    0                    0                    0         -2.823501039         0.8177179747                    0                    0                    0                    0                    0                    0                    0                    0                    0                    0                    0                    0                    0                    0                    0                    0
  "BR3.BPM9L3"                            8            "monitor"            84.007826          5.664160332          1.804387034          11.15939199         -4.297618553          2.224036052          2.295413038                    0                    0                    0                    0         -2.777458468         0.7735424028                    0                    0                    0                    0                    0                    0                    0                    0                    0                    0                    0                    0                    0                    0                    0                    0
  "BR3.BPM10L3"                           9            "monitor"             93.82532          5.558254013          1.726429239           11.2493354          -4.28838545          2.488674745          2.556760504                    0                    0                    0                    0         -2.946528487         0.8206208748                    0                    0                    0                    0                    0                    0                    0                    0                    0                    0                    0                    0                    0                    0                    0                    0
  "BR3.BPM11L3"                          10            "monitor"           103.642825          5.628417455          1.795331635          11.25183156         -4.333770542          2.746037905          2.825121034                    0                    0                    0                    0         -2.969019002         0.8582403261                    0                    0                    0                    0                    0                    0                    0                    0                    0                    0                    0                    0                    0                    0                    0                    0
  "BR3.BPM12L3"                          11            "monitor"            113.46033          5.595326864          1.736814496          11.15705763         -4.253819963          3.010952913          3.086475128                    0                    0                    0                    0          -2.79681753         0.8059231204                    0                    0                    0                    0                    0                    0                    0                    0                    0                    0                    0                    0                    0                    0                    0                    0
  "BR3.BPM13L3"                          12            "monitor"           123.277835          5.590632915          1.783796989          11.34099935         -4.365602543          3.268185152           3.35458769                    0                    0                    0                    0         -2.798298935         0.7755892487                    0                    0                    0                    0                    0                    0                    0                    0                    0                    0                    0                    0                    0                    0                    0                    0
  "BR3.BPM14L3"                          13            "monitor"           133.095339          5.632953444          1.749246357          11.07441996         -4.225890834          3.533081744           3.61642649                    0                    0                    0                    0         -2.970285668         0.8321306855                    0                    0                    0                    0                    0                    0                    0                    0                    0                    0                    0                    0                    0                    0                    0                    0
  "BR3.BPM15L3"                          14            "monitor"           142.912834          5.553799497          1.770689424           11.4144737         -4.388707827          3.790481279          3.883841195                    0                    0                    0                    0         -2.944853442         0.8545907159                    0                    0                    0                    0                    0                    0                    0                    0                    0                    0                    0                    0                    0                    0                    0                    0
  "BR3.BPM16L3"                          15            "monitor"           152.730339          5.668254942          1.762770421          11.01271189          -4.20842126          4.055066524          4.146575844                    0                    0                    0                    0         -2.776401417          0.794921475                    0                    0                    0                    0                    0                    0                    0                    0                    0                    0                    0                    0                    0                    0                    0                    0
