@ NAME                 %s               "PSB3"
@ TYPE                 %s              "twiss"
@ TITLE                %n                  nil
@ ORIGIN               %s "MAD 1.1.14 Linux 64"
@ DATE                 %s           "31/08/26"
@ TIME                 %s           "04:22:18"
@ REFCOL               %s               "name"
@ DIRECTION            %le                    1
@ OBSERVE              %le                    1
@ ENERGY               %le          1.098272088
@ DELTAP               %le                    0
@ LENGTH               %le               157.08
@ ALFAP                %le        0.06482847365
@ Q1                   %le          4.165399972
@ Q2                   %le          4.224299962
@ Q3                   %le                    0
@ DQ1                  %le         -6.447967713
@ DQ2                  %le         -13.00402618
@ DQ3                  %le                    0
* NAME                                INDEX                 KIND                    S                 BETX                 ALFX                 BETY                 ALFY                  MUX                  MUY                    X                   PX                    Y                   PY                   DX                  DPX                   DY                  DPY                  R11                  R12                  R21                  R22                  K1L                  K2L                  K3L                  K4L                  K5L                 K1SL                 K2SL                 K3SL                 K4SL                 K5SL
$ %s                                     %d                   %s                  %le                  %le                  %le                  %le                  %le                  %le                  %le                  %le                  %le                  %le                  %le                  %le                  %le                  %le                  %le                  %le                  %le                  %le                  %le                  %le                  %le                  %le                  %le                  %le                  %le                  %le                  %le                  %le                  %le
  "BR3.BPM1L3"                            0            "monitor"             5.467797          5.531867014          1.757987194          11.44281336         -4.380670305         0.1384705994         0.1715588875                    0                    0                    0                    0         -2.829821969         0.7788891889                    0                    0                    0                    0                    0                    0                    0                    0                    0                    0                    0                    0                    0                    0                    0                    0
  "BR3.BPM2L3"                            1            "monitor"            15.285302          5.709454843          1.773623087           10.9798677         -4.188619978         0.4022209742         0.4341549843                    0                    0                    0                    0         -3.005083951         0.8447548386                    0                    0                    0                    0                    0                    0                    0                    0                    0                    0                    0                    0                    0                    0                    0                    0
  "BR3.BPM3L3"                            2            "monitor"            25.102807          5.749793562          1.813230486          10.98043983         -4.200605497         0.6571209797         0.7023655365                    0                    0                    0                    0         -3.014461655         0.8604450465                    0                    0                    0                    0                    0                    0                    0                    0                    0                    0                    0                    0                    0                    0                    0                    0
  "BR3.BPM4L3"                            3            "monitor"            34.920312          5.483586908          1.710639198          11.44209135         -4.361429219         0.9191948465         0.9649352428                    0                    0                    0                    0         -2.860806337         0.8307283212                    0                    0                    0                    0                    0                    0                    0                    0                    0                    0                    0                    0                    0                    0                    0                    0
  "BR3.BPM5L3"                            4            "monitor"            44.737806          5.733345458          1.814174389          11.01740577         -4.221598042          1.177756135          1.230521124                    0                    0                    0                    0         -2.767269698          0.772808166                    0                    0                    0                    0                    0                    0                    0                    0                    0                    0                    0                    0                    0                    0                    0                    0
  "BR3.BPM6L3"                            5            "monitor"            54.555311          5.504432103          1.711516699          11.39236565         -4.336237419          1.440765379          1.492049097                    0                    0                    0                    0         -2.933318851         0.8102041339                    0                    0                    0                    0                    0                    0                    0                    0                    0                    0                    0                    0                    0                    0                    0                    0
  "BR3.BPM7L3"                            6            "monitor"            64.372816          5.708443764          1.811485596          11.07845817         -4.250245097          1.698466562          1.758550825                    0                    0                    0                    0          -3.00483978         0.8631661034                    0                    0                    0                    0                    0                    0                    0                    0                    0                    0                    0                    0                    0                    0                    0                    0
  "BR3.BPM8L3"                            7            "monitor"            74.190321          5.532849785          1.715948252          11.32206273         -4.305043928          1.962239335          2.019307959                    0                    0                    0                    0         -2.829300011         0.8187482754                    0                    0                    0                    0                    0                    0                    0                    0                    0                    0                    0                    0                    0                    0                    0                    0
  "BR3.BPM9L3"                            8            "monitor"            84.007826            5.6768693          1.805360054          11.15624184         -4.283117354          2.219280209          2.286403969                    0                    0                    0                    0           -2.7810446         0.7716754134                    0                    0                    0                    0                    0                    0                    0                    0                    0                    0                    0                    0                    0                    0                    0                    0
  "BR3.BPM10L3"                           9            "monitor"             93.82532           5.56692351          1.723638809          11.23937868         -4.271529062          2.483591314          2.546753501                    0                    0                    0                    0         -2.962982288         0.8223344367                    0                    0                    0                    0                    0                    0                    0                    0                    0                    0                    0                    0                    0                    0                    0                    0
  "BR3.BPM11L3"                          10            "monitor"           103.642825          5.640869632          1.796234339          11.24140534         -4.316281369          2.740218504          2.814052374                    0                    0                    0                    0         -2.987107833           0.86269063                    0                    0                    0                    0                    0                    0                    0                    0                    0                    0                    0                    0                    0                    0                    0                    0
  "BR3.BPM12L3"                          11            "monitor"            113.46033          5.604192386          1.734034325           11.1543513         -4.239723077          3.004806387          3.074406941                    0                    0                    0                    0         -2.801972032          0.806681076                    0                    0                    0                    0                    0                    0                    0                    0                    0                    0                    0                    0                    0                    0                    0                    0
  "BR3.BPM13L3"                          12            "monitor"           123.277835          5.602886054          1.784730883          11.32399121         -4.345824399          3.261295645          3.341493413                    0                    0                    0                    0         -2.802384156         0.7737508725                    0                    0                    0                    0                    0                    0                    0                    0                    0                    0                    0                    0                    0                    0                    0                    0
  "BR3.BPM14L3"                          13            "monitor"           133.095339           5.64208607          1.746415081          11.07701719         -4.213396454          3.525878684          3.602264578                    0                    0                    0                    0         -2.987456851         0.8341264582                    0                    0                    0                    0                    0                    0                    0                    0                    0                    0                    0                    0                    0                    0                    0                    0
  "BR3.BPM15L3"                          14            "monitor"           142.912834           5.56565393          1.771670937           11.3939804         -4.368190393            3.7825152          3.868748214                    0                    0                    0                    0         -2.962506692            0.8590518                    0                    0                    0                    0                    0                    0                    0                    0                    0                    0                    0                    0                    0                    0                    0                    0
  "BR3.BPM16L3"                          15            "monitor"           152.730339          5.677977749          1.759919656          11.01653207         -4.195674076          4.046812502          4.130297706                    0                    0                    0                    0         -2.780735028          0.795371435                    0                    0                    0                    0                    0                    0                    0                    0                    0                    0                    0                    0                    0                    0                    0                    0
