@ NAME                 %s               "PSB3"
@ TYPE                 %s              "twiss"
@ TITLE                %n                  nil
@ ORIGIN               %s "MAD 1.1.14 Linux 64"
@ DATE                 %s           "31/08/26"
@ TIME                 %s           "04:22:18"
@ REFCOL               %s               "name"
@ DIRECTION            %le                    1
@ OBSERVE              %le                    1
@ ENERGY               %le          1.098272088
@ DELTAP               %le                    0
@ LENGTH               %le               157.08
@ ALFAP                %le        0.06525208522
@ Q1                   %le          4.168935612
@ Q2                   %le          4.220838853
@ Q3                   %le                    0
@ DQ1                  %le         -6.446684855
@ DQ2                  %le          -13.0127579
@ DQ3                  %le                    0
* NAME                                INDEX                 KIND                    S                 BETX                 ALFX                 BETY                 ALFY                  MUX                  MUY                    X                   PX                    Y                   PY                   DX                  DPX                   DY                  DPY                  R11                  R12                  R21                  R22                  K1L                  K2L                  K3L                  K4L                  K5L                 K1SL                 K2SL                 K3SL                 K4SL                 K5SL
$ %s                                     %d                   %s                  %le                  %le                  %le                  %le                  %le                  %le                  %le                  %le                  %le                  %le                  %le                  %le                  %le                  %le                  %le                  %le                  %le                  %le                  %le                  %le                  %le                  %le                  %le                  %le                  %le                  %le                  %le                  %le                  %le
  "BR3.BPM1L3"                            0            "monitor"             5.467797          5.611350715          1.761829563           11.2159938         -4.284632109         0.1393389487         0.1717370256                    0                    0                    0                    0         -2.889004734         0.8175033267                    0                    0                    0                    0                    0                    0                    0                    0                    0                    0                    0                    0                    0                    0                    0                    0
  "BR3.BPM2L3"                            1            "monitor"            15.285302          5.611333097          1.761825906          11.21603738         -4.284640961         0.3998975663         0.4355395203                    0                    0                    0                    0         -2.889000474         0.8175031631                    0                    0                    0                    0                    0                    0                    0                    0                    0                    0                    0                    0                    0                    0                    0                    0
  "BR3.BPM3L3"                            2            "monitor"            25.102807          5.611315478           1.76182225          11.21607975         -4.284649458         0.6604561838         0.6993420241                    0                    0                    0                    0          -2.88899686         0.8175032683                    0                    0                    0                    0                    0                    0                    0                    0                    0                    0                    0                    0                    0                    0                    0                    0
  "BR3.BPM4L3"                            3            "monitor"            34.920312           5.61129786          1.761818593          11.21612283         -4.284658144         0.9210148014         0.9631445209                    0                    0                    0                    0         -2.888993135         0.8175034896                    0                    0                    0                    0                    0                    0                    0                    0                    0                    0                    0                    0                    0                    0                    0                    0
  "BR3.BPM5L3"                            4            "monitor"            44.737806          5.611319002          1.761822981          11.21607125          -4.28464776          1.181573107          1.226946867                    0                    0                    0                    0         -2.888997415         0.8175033508                    0                    0                    0                    0                    0                    0                    0                    0                    0                    0                    0                    0                    0                    0                    0                    0
  "BR3.BPM6L3"                            5            "monitor"            54.555311          5.611301384          1.761819324          11.21611433         -4.284656423          1.442131725          1.490749362                    0                    0                    0                    0         -2.888992898         0.8175030805                    0                    0                    0                    0                    0                    0                    0                    0                    0                    0                    0                    0                    0                    0                    0                    0
  "BR3.BPM7L3"                            6            "monitor"            64.372816          5.611283766          1.761815667          11.21615692         -4.284664994          1.702690342          1.754551865                    0                    0                    0                    0         -2.888989445         0.8175031921                    0                    0                    0                    0                    0                    0                    0                    0                    0                    0                    0                    0                    0                    0                    0                    0
  "BR3.BPM8L3"                            7            "monitor"            74.190321          5.611266147           1.76181201           11.2161998         -4.284673615           1.96324896          2.018354361                    0                    0                    0                    0         -2.888985957         0.8175035193                    0                    0                    0                    0                    0                    0                    0                    0                    0                    0                    0                    0                    0                    0                    0                    0
  "BR3.BPM9L3"                            8            "monitor"            84.007826          5.611248529          1.761808353          11.21624266         -4.284682269          2.223807577          2.282156862                    0                    0                    0                    0         -2.888981052           0.81750336                    0                    0                    0                    0                    0                    0                    0                    0                    0                    0                    0                    0                    0                    0                    0                    0
  "BR3.BPM10L3"                           9            "monitor"             93.82532          5.611269671          1.761812742          11.21619133         -4.284671946          2.484365883          2.545959205                    0                    0                    0                    0         -2.888985616         0.8175031213                    0                    0                    0                    0                    0                    0                    0                    0                    0                    0                    0                    0                    0                    0                    0                    0
  "BR3.BPM11L3"                          10            "monitor"           103.642825          5.611252053          1.761809085          11.21623396         -4.284680472            2.7449245          2.809761702                    0                    0                    0                    0         -2.888982138         0.8175032405                    0                    0                    0                    0                    0                    0                    0                    0                    0                    0                    0                    0                    0                    0                    0                    0
  "BR3.BPM12L3"                          11            "monitor"            113.46033          5.611234435          1.761805428          11.21627719         -4.284689289          3.005483118          3.073564204                    0                    0                    0                    0         -2.888978564         0.8175035351                    0                    0                    0                    0                    0                    0                    0                    0                    0                    0                    0                    0                    0                    0                    0                    0
  "BR3.BPM13L3"                          12            "monitor"           123.277835          5.611216817          1.761801771          11.21631958         -4.284697711          3.266041735          3.337366701                    0                    0                    0                    0         -2.888973696         0.8175033725                    0                    0                    0                    0                    0                    0                    0                    0                    0                    0                    0                    0                    0                    0                    0                    0
  "BR3.BPM14L3"                          13            "monitor"           133.095339          5.611202722          1.761798845          11.21635437         -4.284704837          3.526600325          3.601169188                    0                    0                    0                    0         -2.888970016         0.8175030995                    0                    0                    0                    0                    0                    0                    0                    0                    0                    0                    0                    0                    0                    0                    0                    0
  "BR3.BPM15L3"                          14            "monitor"           142.912834           5.61122034          1.761802502          11.21631097         -4.284695977          3.787158659          3.864971544                    0                    0                    0                    0         -2.888974938         0.8175032983                    0                    0                    0                    0                    0                    0                    0                    0                    0                    0                    0                    0                    0                    0                    0                    0
  "BR3.BPM16L3"                          15            "monitor"           152.730339          5.611202722          1.761798845          11.21635454         -4.284704871          4.047717276          4.128774043                    0                    0                    0                    0            -2.888971         0.8175034775                    0                    0                    0                    0                    0                    0                    0                    0                    0                    0                    0                    0                    0                    0                    0                    0
