@ NAME                 %s               "PSB3"
@ TYPE                 %s              "twiss"
@ TITLE                %n                  nil
@ ORIGIN               %s "MAD 1.1.15 Linux 64"
@ DATE                 %s           "13/09/26"
@ TIME                 %s           "10:51:35"
@ REFCOL               %s               "name"
@ DIRECTION            %le                    1
@ OBSERVE              %le                    1
@ ENERGY               %le          1.098272088
@ DELTAP               %le                    0
@ LENGTH               %le               157.08
@ ALFAP                %le        0.06283990984
@ Q1                   %le               4.2305
@ Q2                   %le          4.131000001
@ Q3                   %le                    0
@ DQ1                  %le         -6.499040885
@ DQ2                  %le         -12.80548364
@ DQ3                  %le                    0
* NAME                                INDEX                 KIND                    S                 BETX                 ALFX                 BETY                 ALFY                  MUX                  MUY                    X                   PX                    Y                   PY                   DX                  DPX                   DY                  DPY                  R11                  R12                  R21                  R22                  K1L                  K2L                  K3L                  K4L                  K5L                 K1SL                 K2SL                 K3SL                 K4SL                 K5SL
$ %s                                     %d                   %s                  %le                  %le                  %le                  %le                  %le                  %le                  %le                  %le                  %le                  %le                  %le                  %le                  %le                  %le                  %le                  %le                  %le                  %le                  %le                  %le                  %le                  %le                  %le                  %le                  %le                  %le                  %le                  %le                  %le
  "BR3.BPM1L3"                            0            "monitor"             5.467797          5.458981283          1.726594961          11.47556087         -4.392779145         0.1420093495         0.1688381462                    0                    0                    0                    0         -2.779473215         0.7678798767                    0                    0                    0                    0                    0                    0                    0                    0                    0                    0                    0                    0                    0                    0                    0                    0
  "BR3.BPM2L3"                            1            "monitor"            15.285302          5.668997329          1.769519214          11.03526733          -4.17886974         0.4084666348         0.4231235659                    0                    0                    0                    0         -2.897789033         0.8169860677                    0                    0                    0                    0                    0                    0                    0                    0                    0                    0                    0                    0                    0                    0                    0                    0
  "BR3.BPM3L3"                            2            "monitor"            25.102807          5.681215903          1.781558836          11.03552139         -4.223302966         0.6689329517         0.6881595765                    0                    0                    0                    0         -2.900091938           0.82085756                    0                    0                    0                    0                    0                    0                    0                    0                    0                    0                    0                    0                    0                    0                    0                    0
  "BR3.BPM4L3"                            3            "monitor"            34.920312          5.435416679          1.703441914          11.47546114         -4.344457371         0.9336398582         0.9424423449                    0                    0                    0                    0          -2.80306072         0.8074864533                    0                    0                    0                    0                    0                    0                    0                    0                    0                    0                    0                    0                    0                    0                    0                    0
  "BR3.BPM5L3"                            4            "monitor"            44.737806          5.676092831          1.788017953           11.0898708         -4.247667115          1.197549481          1.204386854                    0                    0                    0                    0         -2.717450777          0.761660175                    0                    0                    0                    0                    0                    0                    0                    0                    0                    0                    0                    0                    0                    0                    0                    0
  "BR3.BPM6L3"                            5            "monitor"            54.555311          5.448653271          1.699833077          11.41723182         -4.319120143          1.463515059          1.458123993                    0                    0                    0                    0         -2.830187217         0.7834419414                    0                    0                    0                    0                    0                    0                    0                    0                    0                    0                    0                    0                    0                    0                    0                    0
  "BR3.BPM7L3"                            6            "monitor"            64.372816          5.655163155          1.788649705          11.15145606         -4.273735607            1.7262328          1.720529479                    0                    0                    0                    0         -2.895105815         0.8252704376                    0                    0                    0                    0                    0                    0                    0                    0                    0                    0                    0                    0                    0                    0                    0                    0
  "BR3.BPM8L3"                            7            "monitor"            74.190321          5.476470047          1.702178721          11.35315418           -4.2926311          1.993276979          1.973890369                    0                    0                    0                    0         -2.770446393         0.7958117477                    0                    0                    0                    0                    0                    0                    0                    0                    0                    0                    0                    0                    0                    0                    0                    0
  "BR3.BPM9L3"                            8            "monitor"            84.007826          5.621257967          1.783376832            11.217726         -4.300448367          2.255057039          2.236579653                    0                    0                    0                    0         -2.728398802         0.7593899501                    0                    0                    0                    0                    0                    0                    0                    0                    0                    0                    0                    0                    0                    0                    0                    0
  "BR3.BPM10L3"                           9            "monitor"             93.82532          5.515220733          1.710180168          11.28560428         -4.266012263          2.522856231          2.489748626                    0                    0                    0                    0          -2.86077535         0.7955333838                    0                    0                    0                    0                    0                    0                    0                    0                    0                    0                    0                    0                    0                    0                    0                    0
  "BR3.BPM11L3"                          10            "monitor"           103.642825          5.578941761          1.772911058          11.28593952         -4.326718882          2.784079316          2.752533489                    0                    0                    0                    0         -2.878519904         0.8253215241                    0                    0                    0                    0                    0                    0                    0                    0                    0                    0                    0                    0                    0                    0                    0                    0
  "BR3.BPM12L3"                          11            "monitor"            113.46033          5.559653202          1.722752775          11.21747017         -4.240365106          3.052211036          3.005703035                    0                    0                    0                    0         -2.742886949         0.7837109939                    0                    0                    0                    0                    0                    0                    0                    0                    0                    0                    0                    0                    0                    0                    0                    0
  "BR3.BPM13L3"                          12            "monitor"           123.277835          5.533790633          1.758634461           11.3535594         -4.351535369          3.313332886          3.268391495                    0                    0                    0                    0         -2.750027298         0.7615598407                    0                    0                    0                    0                    0                    0                    0                    0                    0                    0                    0                    0                    0                    0                    0                    0
  "BR3.BPM14L3"                          13            "monitor"           133.095339          5.603867136          1.738224306            11.151376         -4.216695006          3.581329886          3.521753604                    0                    0                    0                    0         -2.884341467         0.8072358835                    0                    0                    0                    0                    0                    0                    0                    0                    0                    0                    0                    0                    0                    0                    0                    0
  "BR3.BPM15L3"                          14            "monitor"           142.912834          5.491910054          1.742469805          11.41769498         -4.373867885          3.842819605          3.784157336                    0                    0                    0                    0           -2.8525493         0.8210038826                    0                    0                    0                    0                    0                    0                    0                    0                    0                    0                    0                    0                    0                    0                    0                    0
  "BR3.BPM16L3"                          15            "monitor"           152.730339          5.641979197          1.754532564           11.0899003         -4.195935519          4.110232786          4.037896468                    0                    0                    0                    0          -2.72406356         0.7728008617                    0                    0                    0                    0                    0                    0                    0                    0                    0                    0                    0                    0                    0                    0                    0                    0
