@ NAME                 %s               "PSB3"
@ TYPE                 %s              "twiss"
@ TITLE                %n                  nil
@ ORIGIN               %s "MAD 1.1.15 Linux 64"
@ DATE                 %s           "14/09/26"
@ TIME                 %s           "11:37:10"
@ REFCOL               %s               "name"
@ DIRECTION            %le                    1
@ OBSERVE              %le                    1
@ ENERGY               %le          1.098272088
@ DELTAP               %le                    0
@ LENGTH               %le               157.08
@ ALFAP                %le        0.06316829053
@ Q1                   %le            4.2340133
@ Q2                   %le          4.127497359
@ Q3                   %le                    0
@ DQ1                  %le         -6.498207074
@ DQ2                  %le           -12.811181
@ DQ3                  %le                    0
* NAME                                INDEX                 KIND                    S                 BETX                 ALFX                 BETY                 ALFY                  MUX                  MUY                    X                   PX                    Y                   PY                   DX                  DPX                   DY                  DPY                  R11                  R12                  R21                  R22                  K1L                  K2L                  K3L                  K4L                  K5L                 K1SL                 K2SL                 K3SL                 K4SL                 K5SL
$ %s                                     %d                   %s                  %le                  %le                  %le                  %le                  %le                  %le                  %le                  %le                  %le                  %le                  %le                  %le                  %le                  %le                  %le                  %le                  %le                  %le                  %le                  %le                  %le                  %le                  %le                  %le                  %le                  %le                  %le                  %le                  %le
  "BR3.BPM1L3"                            0            "monitor"             5.467797          5.556739879          1.744039162          11.26327469         -4.287841188         0.1419165661         0.1672313618                    0                    0                    0                    0         -2.808299112         0.7926228547                    0                    0                    0                    0                    0                    0                    0                    0                    0                    0                    0                    0                    0                    0                    0                    0
  "BR3.BPM2L3"                            1            "monitor"            15.285302          5.556722438          1.744035525          11.26331849         -4.287850084         0.4065425405         0.4252000125                    0                    0                    0                    0         -2.808295088         0.7926227603                    0                    0                    0                    0                    0                    0                    0                    0                    0                    0                    0                    0                    0                    0                    0                    0
  "BR3.BPM3L3"                            2            "monitor"            25.102807          5.556704998          1.744031888          11.26336067          -4.28785847          0.671168515         0.6831686727                    0                    0                    0                    0         -2.808291397         0.7926228208                    0                    0                    0                    0                    0                    0                    0                    0                    0                    0                    0                    0                    0                    0                    0                    0
  "BR3.BPM4L3"                            3            "monitor"            34.920312          5.556687558          1.744028252          11.26340404         -4.287867232         0.9357944894         0.9411373257                    0                    0                    0                    0         -2.808287696         0.7926229751                    0                    0                    0                    0                    0                    0                    0                    0                    0                    0                    0                    0                    0                    0                    0                    0
  "BR3.BPM5L3"                            4            "monitor"            44.737806          5.556708486          1.744032616          11.26335213         -4.287856769          1.200420149          1.199105829                    0                    0                    0                    0          -2.80829203         0.7926228832                    0                    0                    0                    0                    0                    0                    0                    0                    0                    0                    0                    0                    0                    0                    0                    0
  "BR3.BPM6L3"                            5            "monitor"            54.555311          5.556691046          1.744028979          11.26339557         -4.287865525          1.465046123           1.45707448                    0                    0                    0                    0         -2.808287732         0.7926226779                    0                    0                    0                    0                    0                    0                    0                    0                    0                    0                    0                    0                    0                    0                    0                    0
  "BR3.BPM7L3"                            6            "monitor"            64.372816          5.556673606          1.744025342          11.26343784         -4.287873944          1.729672098          1.715043139                    0                    0                    0                    0         -2.808284203         0.7926227426                    0                    0                    0                    0                    0                    0                    0                    0                    0                    0                    0                    0                    0                    0                    0                    0
  "BR3.BPM8L3"                            7            "monitor"            74.190321          5.556656165          1.744021705          11.26348113         -4.287882676          1.994298072          1.973011792                    0                    0                    0                    0         -2.808280747          0.792623007                    0                    0                    0                    0                    0                    0                    0                    0                    0                    0                    0                    0                    0                    0                    0                    0
  "BR3.BPM9L3"                            8            "monitor"            84.007826          5.556638725          1.744018069          11.26352363         -4.287891172          2.258924047          2.230980449                    0                    0                    0                    0         -2.808276155         0.7926228907                    0                    0                    0                    0                    0                    0                    0                    0                    0                    0                    0                    0                    0                    0                    0                    0
  "BR3.BPM10L3"                           9            "monitor"             93.82532          5.556659653          1.744022433          11.26347263         -4.287881005          2.523549706          2.488948948                    0                    0                    0                    0         -2.808280669         0.7926227156                    0                    0                    0                    0                    0                    0                    0                    0                    0                    0                    0                    0                    0                    0                    0                    0
  "BR3.BPM11L3"                          10            "monitor"           103.642825          5.556642213          1.744018796          11.26351495         -4.287889394           2.78817568          2.746917603                    0                    0                    0                    0         -2.808277128          0.792622793                    0                    0                    0                    0                    0                    0                    0                    0                    0                    0                    0                    0                    0                    0                    0                    0
  "BR3.BPM12L3"                          11            "monitor"            113.46033          5.556624773          1.744015159          11.26355851          -4.28789828          3.052801655           3.00488626                    0                    0                    0                    0          -2.80827358         0.7926230249                    0                    0                    0                    0                    0                    0                    0                    0                    0                    0                    0                    0                    0                    0                    0                    0
  "BR3.BPM13L3"                          12            "monitor"           123.277835          5.556607333          1.744011523          11.26360069         -4.287906603          3.317427629          3.262854914                    0                    0                    0                    0         -2.808269018         0.7926229018                    0                    0                    0                    0                    0                    0                    0                    0                    0                    0                    0                    0                    0                    0                    0                    0
  "BR3.BPM14L3"                          13            "monitor"           133.095339          5.556593381          1.744008613          11.26363571         -4.287913769          3.582053575          3.520823557                    0                    0                    0                    0         -2.808265542         0.7926226925                    0                    0                    0                    0                    0                    0                    0                    0                    0                    0                    0                    0                    0                    0                    0                    0
  "BR3.BPM15L3"                          14            "monitor"           142.912834          5.556610821           1.74401225          11.26359211         -4.287904885          3.846679263          3.778792071                    0                    0                    0                    0         -2.808270161          0.792622854                    0                    0                    0                    0                    0                    0                    0                    0                    0                    0                    0                    0                    0                    0                    0                    0
  "BR3.BPM16L3"                          15            "monitor"           152.730339          5.556593381          1.744008613          11.26363586         -4.287913799          4.111305238          4.036760725                    0                    0                    0                    0         -2.808266232         0.7926229658                    0                    0                    0                    0                    0                    0                    0                    0                    0                    0                    0                    0                    0                    0                    0                    0
