@ NAME                 %s               "PSB3"
@ TYPE                 %s              "twiss"
@ TITLE                %n                  nil
@ ORIGIN               %s "MAD 1.1.15 Linux 64"
@ DATE                 %s           "14/09/26"
@ TIME                 %s           "11:27:07"
@ REFCOL               %s               "name"
@ DIRECTION            %le                    1
@ OBSERVE              %le                    1
@ ENERGY               %le          1.098272088
@ DELTAP               %le                    0
@ LENGTH               %le               157.08
@ ALFAP                %le        0.06272524594
@ Q1                   %le                4.234
@ Q2                   %le          4.140300001
@ Q3                   %le                    0
@ DQ1                  %le         -6.507196523
@ DQ2                  %le          -12.8452318
@ DQ3                  %le                    0
* NAME                                INDEX                 KIND                    S                 BETX                 ALFX                 BETY                 ALFY                  MUX                  MUY                    X                   PX                    Y                   PY                   DX                  DPX                   DY                  DPY                  R11                  R12                  R21                  R22                  K1L                  K2L                  K3L                  K4L                  K5L                 K1SL                 K2SL                 K3SL                 K4SL                 K5SL
$ %s                                     %d                   %s                  %le                  %le                  %le                  %le                  %le                  %le                  %le                  %le                  %le                  %le                  %le                  %le                  %le                  %le                  %le                  %le                  %le                  %le                  %le                  %le                  %le                  %le                  %le                  %le                  %le                  %le                  %le                  %le                  %le
  "BR3.BPM1L3"                            0            "monitor"             5.467797          5.454772531          1.726869832          11.47808362         -4.398516495         0.1421657289         0.1690480634                    0                    0                    0                    0         -2.776665965           0.76837192                    0                    0                    0                    0                    0                    0                    0                    0                    0                    0                    0                    0                    0                    0                    0                    0
  "BR3.BPM2L3"                            1            "monitor"            15.285302          5.663996021          1.770649642          11.03671249         -4.188410013         0.4087577858          0.424272188                    0                    0                    0                    0         -2.891426709         0.8163116436                    0                    0                    0                    0                    0                    0                    0                    0                    0                    0                    0                    0                    0                    0                    0                    0
  "BR3.BPM3L3"                            2            "monitor"            25.102807          5.674783138          1.781281585           11.0371511         -4.228304587         0.6695572879         0.6895081882                    0                    0                    0                    0         -2.893435633         0.8196895132                    0                    0                    0                    0                    0                    0                    0                    0                    0                    0                    0                    0                    0                    0                    0                    0
  "BR3.BPM4L3"                            3            "monitor"            34.920312           5.43256805          1.705053011          11.47777633         -4.354430429         0.9344121961          0.944726777                    0                    0                    0                    0         -2.799716121         0.8070740054                    0                    0                    0                    0                    0                    0                    0                    0                    0                    0                    0                    0                    0                    0                    0                    0
  "BR3.BPM5L3"                            4            "monitor"            44.737806          5.670467106          1.788011586          11.09027422         -4.252514388          1.198604588           1.20692246                    0                    0                    0                    0         -2.715386212          0.762199526                    0                    0                    0                    0                    0                    0                    0                    0                    0                    0                    0                    0                    0                    0                    0                    0
  "BR3.BPM6L3"                            5            "monitor"            54.555311          5.445141986          1.701201779          11.42016699         -4.329041754          1.464722903          1.461552894                    0                    0                    0                    0         -2.824804133         0.7831723852                    0                    0                    0                    0                    0                    0                    0                    0                    0                    0                    0                    0                    0                    0                    0                    0
  "BR3.BPM7L3"                            6            "monitor"            64.372816          5.650045961          1.788845224          11.15176481         -4.278801153          1.727716349          1.724246871                    0                    0                    0                    0         -2.888755796          0.824140816                    0                    0                    0                    0                    0                    0                    0                    0                    0                    0                    0                    0                    0                    0                    0                    0
  "BR3.BPM8L3"                            7            "monitor"            74.190321          5.472601072          1.703393663          11.35575118         -4.302209744          1.994921422          1.978469726                    0                    0                    0                    0         -2.767419362         0.7955380707                    0                    0                    0                    0                    0                    0                    0                    0                    0                    0                    0                    0                    0                    0                    0                    0
  "BR3.BPM9L3"                            8            "monitor"            84.007826          5.616363016          1.783674964          11.21870521         -4.305937666          2.256969403          2.241471573                    0                    0                    0                    0         -2.726057006         0.7598966098                    0                    0                    0                    0                    0                    0                    0                    0                    0                    0                    0                    0                    0                    0                    0                    0
  "BR3.BPM10L3"                           9            "monitor"             93.82532           5.51123876          1.711341907          11.28730697         -4.275131852          2.524935711          2.495486113                    0                    0                    0                    0         -2.855096679         0.7951372857                    0                    0                    0                    0                    0                    0                    0                    0                    0                    0                    0                    0                    0                    0                    0                    0
  "BR3.BPM11L3"                          10            "monitor"           103.642825          5.574085397          1.773219134           11.2879243          -4.33265693          2.786422998          2.758591571                    0                    0                    0                    0         -2.872419409         0.8242154552                    0                    0                    0                    0                    0                    0                    0                    0                    0                    0                    0                    0                    0                    0                    0                    0
  "BR3.BPM12L3"                          11            "monitor"            113.46033          5.555666042          1.723937697          11.21817116         -4.249091294          3.054722332          3.012607143                    0                    0                    0                    0         -2.740153881         0.7835593344                    0                    0                    0                    0                    0                    0                    0                    0                    0                    0                    0                    0                    0                    0                    0                    0
  "BR3.BPM13L3"                          12            "monitor"           123.277835          5.528950302          1.758899582          11.35642756         -4.357768212          3.316111459          3.275607259                    0                    0                    0                    0         -2.747455763         0.7620529544                    0                    0                    0                    0                    0                    0                    0                    0                    0                    0                    0                    0                    0                    0                    0                    0
  "BR3.BPM14L3"                          13            "monitor"           133.095339          5.599808472          1.739456151          11.15142504         -4.225266197          3.584269479          3.529832684                    0                    0                    0                    0         -2.878353108         0.8067144216                    0                    0                    0                    0                    0                    0                    0                    0                    0                    0                    0                    0                    0                    0                    0                    0
  "BR3.BPM15L3"                          14            "monitor"           142.912834          5.487238421          1.742701113          11.42087626         -4.380078402           3.84603632          3.792523144                    0                    0                    0                    0         -2.846672444         0.8199030537                    0                    0                    0                    0                    0                    0                    0                    0                    0                    0                    0                    0                    0                    0                    0                    0
  "BR3.BPM16L3"                          15            "monitor"           152.730339          5.637618577          1.755767762          11.09007598         -4.204739997          4.113598259          4.047157745                    0                    0                    0                    0         -2.721668769         0.7727852687                    0                    0                    0                    0                    0                    0                    0                    0                    0                    0                    0                    0                    0                    0                    0                    0
