@ NAME                 %s               "PSB3"
@ TYPE                 %s              "twiss"
@ TITLE                %n                  nil
@ ORIGIN               %s "MAD 1.1.15 Linux 64"
@ DATE                 %s           "14/09/26"
@ TIME                 %s           "11:27:07"
@ REFCOL               %s               "name"
@ DIRECTION            %le                    1
@ OBSERVE              %le                    1
@ ENERGY               %le          1.098272088
@ DELTAP               %le                    0
@ LENGTH               %le               157.08
@ ALFAP                %le        0.06304556513
@ Q1                   %le          4.237472073
@ Q2                   %le          4.136808929
@ Q3                   %le                    0
@ DQ1                  %le         -6.506389038
@ DQ2                  %le         -12.85156287
@ DQ3                  %le                    0
* NAME                                INDEX                 KIND                    S                 BETX                 ALFX                 BETY                 ALFY                  MUX                  MUY                    X                   PX                    Y                   PY                   DX                  DPX                   DY                  DPY                  R11                  R12                  R21                  R22                  K1L                  K2L                  K3L                  K4L                  K5L                 K1SL                 K2SL                 K3SL                 K4SL                 K5SL
$ %s                                     %d                   %s                  %le                  %le                  %le                  %le                  %le                  %le                  %le                  %le                  %le                  %le                  %le                  %le                  %le                  %le                  %le                  %le                  %le                  %le                  %le                  %le                  %le                  %le                  %le                  %le                  %le                  %le                  %le                  %le                  %le
  "BR3.BPM1L3"                            0            "monitor"             5.467797          5.552356924           1.74478821          11.26540433         -4.295466273         0.1420287033           0.16769257                    0                    0                    0                    0         -2.804018745          0.792318539                    0                    0                    0                    0                    0                    0                    0                    0                    0                    0                    0                    0                    0                    0                    0                    0
  "BR3.BPM2L3"                            1            "monitor"            15.285302          5.552339476          1.744784568          11.26544817         -4.295475185         0.4068708511         0.4262431939                    0                    0                    0                    0         -2.804014727         0.7923184473                    0                    0                    0                    0                    0                    0                    0                    0                    0                    0                    0                    0                    0                    0                    0                    0
  "BR3.BPM3L3"                            2            "monitor"            25.102807          5.552322028          1.744780926          11.26549046         -4.295483613          0.671712999         0.6847938271                    0                    0                    0                    0         -2.804011029         0.7923185061                    0                    0                    0                    0                    0                    0                    0                    0                    0                    0                    0                    0                    0                    0                    0                    0
  "BR3.BPM4L3"                            3            "monitor"            34.920312          5.552304581          1.744777284          11.26553387         -4.295492386         0.9365551469         0.9433444533                    0                    0                    0                    0         -2.804007326         0.7923186579                    0                    0                    0                    0                    0                    0                    0                    0                    0                    0                    0                    0                    0                    0                    0                    0
  "BR3.BPM5L3"                            4            "monitor"            44.737806          5.552325518          1.744781654          11.26548191         -4.295481906          1.201396979          1.201894929                    0                    0                    0                    0         -2.804011667         0.7923185678                    0                    0                    0                    0                    0                    0                    0                    0                    0                    0                    0                    0                    0                    0                    0                    0
  "BR3.BPM6L3"                            5            "monitor"            54.555311           5.55230807          1.744778012          11.26552538         -4.295490674          1.466239127          1.460445554                    0                    0                    0                    0         -2.804007373         0.7923183648                    0                    0                    0                    0                    0                    0                    0                    0                    0                    0                    0                    0                    0                    0                    0                    0
  "BR3.BPM7L3"                            6            "monitor"            64.372816          5.552290622           1.74477437          11.26556778         -4.295499137          1.731081275          1.718996186                    0                    0                    0                    0         -2.804003838         0.7923184278                    0                    0                    0                    0                    0                    0                    0                    0                    0                    0                    0                    0                    0                    0                    0                    0
  "BR3.BPM8L3"                            7            "monitor"            74.190321          5.552273175          1.744770728          11.26561109         -4.295507878          1.995923423          1.977546812                    0                    0                    0                    0          -2.80400038           0.79231869                    0                    0                    0                    0                    0                    0                    0                    0                    0                    0                    0                    0                    0                    0                    0                    0
  "BR3.BPM9L3"                            8            "monitor"            84.007826          5.552255727          1.744767086          11.26565373          -4.29551642          2.260765571          2.236097442                    0                    0                    0                    0         -2.803995797         0.7923185752                    0                    0                    0                    0                    0                    0                    0                    0                    0                    0                    0                    0                    0                    0                    0                    0
  "BR3.BPM10L3"                           9            "monitor"             93.82532          5.552276664          1.744771457          11.26560258         -4.295506202          2.525607403          2.494647915                    0                    0                    0                    0         -2.804000313         0.7923184023                    0                    0                    0                    0                    0                    0                    0                    0                    0                    0                    0                    0                    0                    0                    0                    0
  "BR3.BPM11L3"                          10            "monitor"           103.642825          5.552259217          1.744767815          11.26564503         -4.295514635          2.790449551          2.753198542                    0                    0                    0                    0         -2.803996766         0.7923184783                    0                    0                    0                    0                    0                    0                    0                    0                    0                    0                    0                    0                    0                    0                    0                    0
  "BR3.BPM12L3"                          11            "monitor"            113.46033          5.552241769          1.744764173          11.26568862         -4.295523534          3.055291699          3.011749173                    0                    0                    0                    0         -2.803993217         0.7923187081                    0                    0                    0                    0                    0                    0                    0                    0                    0                    0                    0                    0                    0                    0                    0                    0
  "BR3.BPM13L3"                          12            "monitor"           123.277835          5.552224321          1.744760531          11.26573091         -4.295531898          3.320133847            3.2702998                    0                    0                    0                    0         -2.803988662         0.7923185862                    0                    0                    0                    0                    0                    0                    0                    0                    0                    0                    0                    0                    0                    0                    0                    0
  "BR3.BPM14L3"                          13            "monitor"           133.095339          5.552210363          1.744757617          11.26576596         -4.295539074          3.584975966          3.528850416                    0                    0                    0                    0         -2.803985191         0.7923183792                    0                    0                    0                    0                    0                    0                    0                    0                    0                    0                    0                    0                    0                    0                    0                    0
  "BR3.BPM15L3"                          14            "monitor"           142.912834          5.552227811          1.744761259          11.26572231         -4.295530174          3.849817828          3.787400903                    0                    0                    0                    0         -2.803989802         0.7923185396                    0                    0                    0                    0                    0                    0                    0                    0                    0                    0                    0                    0                    0                    0                    0                    0
  "BR3.BPM16L3"                          15            "monitor"           152.730339          5.552210363          1.744757617          11.26576611         -4.295539104          4.114659975           4.04595153                    0                    0                    0                    0         -2.803985871         0.7923186488                    0                    0                    0                    0                    0                    0                    0                    0                    0                    0                    0                    0                    0                    0                    0                    0
