@ NAME                 %s               "PSB3"
@ TYPE                 %s              "twiss"
@ TITLE                %n                  nil
@ ORIGIN               %s "MAD 1.1.15 Linux 64"
@ DATE                 %s           "14/09/26"
@ TIME                 %s           "10:20:26"
@ REFCOL               %s               "name"
@ DIRECTION            %le                    1
@ OBSERVE              %le                    1
@ ENERGY               %le          1.098272088
@ DELTAP               %le                    0
@ LENGTH               %le               157.08
@ ALFAP                %le        0.06515229851
@ Q1                   %le          4.173262684
@ Q2                   %le          4.228971839
@ Q3                   %le                    0
@ DQ1                  %le         -6.455565489
@ DQ2                  %le         -12.99719607
@ DQ3                  %le                    0
* NAME                                INDEX                 KIND                    S                 BETX                 ALFX                 BETY                 ALFY                  MUX                  MUY                    X                   PX                    Y                   PY                   DX                  DPX                   DY                  DPY                  R11                  R12                  R21                  R22                  K1L                  K2L                  K3L                  K4L                  K5L                 K1SL                 K2SL                 K3SL                 K4SL                 K5SL
$ %s                                     %d                   %s                  %le                  %le                  %le                  %le                  %le                  %le                  %le                  %le                  %le                  %le                  %le                  %le                  %le                  %le                  %le                  %le                  %le                  %le                  %le                  %le                  %le                  %le                  %le                  %le                  %le                  %le                  %le                  %le                  %le
  "BR3.BPM1L3"                            0            "monitor"             5.467797          5.606053242          1.762326714          11.22046272         -4.293038761         0.1394842371         0.1721484946                    0                    0                    0                    0         -2.883421897         0.8168359638                    0                    0                    0                    0                    0                    0                    0                    0                    0                    0                    0                    0                    0                    0                    0                    0
  "BR3.BPM2L3"                            1            "monitor"            15.285302          5.606035619          1.762323052          11.22050638         -4.293047641         0.4003132968         0.4364593009                    0                    0                    0                    0          -2.88341765         0.8168358063                    0                    0                    0                    0                    0                    0                    0                    0                    0                    0                    0                    0                    0                    0                    0                    0
  "BR3.BPM3L3"                            2            "monitor"            25.102807          5.606017996          1.762319391          11.22054885          -4.29305617         0.6611423565         0.7007701163                    0                    0                    0                    0         -2.883414021         0.8168359076                    0                    0                    0                    0                    0                    0                    0                    0                    0                    0                    0                    0                    0                    0                    0                    0
  "BR3.BPM4L3"                            3            "monitor"            34.920312          5.606000373          1.762315729          11.22059199         -4.293064879         0.9219714161         0.9650809246                    0                    0                    0                    0         -2.883410291         0.8168361231                    0                    0                    0                    0                    0                    0                    0                    0                    0                    0                    0                    0                    0                    0                    0                    0
  "BR3.BPM5L3"                            4            "monitor"            44.737806           5.60602152          1.762320123          11.22054033         -4.293054467          1.182800164          1.229391582                    0                    0                    0                    0         -2.883414585         0.8168359882                    0                    0                    0                    0                    0                    0                    0                    0                    0                    0                    0                    0                    0                    0                    0                    0
  "BR3.BPM6L3"                            5            "monitor"            54.555311          5.606003897          1.762316461          11.22058348         -4.293063151          1.443629223          1.493702389                    0                    0                    0                    0         -2.883410079         0.8168357236                    0                    0                    0                    0                    0                    0                    0                    0                    0                    0                    0                    0                    0                    0                    0                    0
  "BR3.BPM7L3"                            6            "monitor"            64.372816          5.605986274          1.762312799          11.22062618          -4.29307176          1.704458283          1.758013203                    0                    0                    0                    0         -2.883406612         0.8168358313                    0                    0                    0                    0                    0                    0                    0                    0                    0                    0                    0                    0                    0                    0                    0                    0
  "BR3.BPM8L3"                            7            "monitor"            74.190321          5.605968651          1.762309137          11.22066911           -4.2930804          1.965287343          2.022324012                    0                    0                    0                    0         -2.883403119          0.816836153                    0                    0                    0                    0                    0                    0                    0                    0                    0                    0                    0                    0                    0                    0                    0                    0
  "BR3.BPM9L3"                            8            "monitor"            84.007826          5.605951028          1.762305475          11.22071208         -4.293089092          2.226116402          2.286634823                    0                    0                    0                    0         -2.883398234         0.8168359973                    0                    0                    0                    0                    0                    0                    0                    0                    0                    0                    0                    0                    0                    0                    0                    0
  "BR3.BPM10L3"                           9            "monitor"             93.82532          5.605972176          1.762309869          11.22066062         -4.293078727           2.48694515          2.550945478                    0                    0                    0                    0         -2.883402804         0.8168357643                    0                    0                    0                    0                    0                    0                    0                    0                    0                    0                    0                    0                    0                    0                    0                    0
  "BR3.BPM11L3"                          10            "monitor"           103.642825          5.605954553          1.762306208          11.22070336         -4.293087287          2.747774209          2.815256287                    0                    0                    0                    0         -2.883399312         0.8168358799                    0                    0                    0                    0                    0                    0                    0                    0                    0                    0                    0                    0                    0                    0                    0                    0
  "BR3.BPM12L3"                          11            "monitor"            113.46033           5.60593693          1.762302546          11.22074666         -4.293096129          3.008603269          3.079567101                    0                    0                    0                    0         -2.883395732         0.8168361689                    0                    0                    0                    0                    0                    0                    0                    0                    0                    0                    0                    0                    0                    0                    0                    0
  "BR3.BPM13L3"                          12            "monitor"           123.277835          5.605919307          1.762298884          11.22078914         -4.293104581          3.269432329          3.343877909                    0                    0                    0                    0         -2.883390884         0.8168360097                    0                    0                    0                    0                    0                    0                    0                    0                    0                    0                    0                    0                    0                    0                    0                    0
  "BR3.BPM14L3"                          13            "monitor"           133.095339          5.605905208          1.762295954            11.220824          -4.29311173           3.53026136          3.608188708                    0                    0                    0                    0         -2.883387216         0.8168357424                    0                    0                    0                    0                    0                    0                    0                    0                    0                    0                    0                    0                    0                    0                    0                    0
  "BR3.BPM15L3"                          14            "monitor"           142.912834          5.605922831          1.762299616          11.22078051         -4.293102841          3.791090136          3.872499375                    0                    0                    0                    0         -2.883392118         0.8168359379                    0                    0                    0                    0                    0                    0                    0                    0                    0                    0                    0                    0                    0                    0                    0                    0
  "BR3.BPM16L3"                          15            "monitor"           152.730339          5.605905208          1.762295954          11.22082417         -4.293111765          4.051919195          4.136810186                    0                    0                    0                    0         -2.883388173         0.8168361112                    0                    0                    0                    0                    0                    0                    0                    0                    0                    0                    0                    0                    0                    0                    0                    0
