@ NAME                 %s               "PSB3"
@ TYPE                 %s              "twiss"
@ TITLE                %n                  nil
@ ORIGIN               %s "MAD 1.1.15 Linux 64"
@ DATE                 %s           "14/09/26"
@ TIME                 %s           "10:20:26"
@ REFCOL               %s               "name"
@ DIRECTION            %le                    1
@ OBSERVE              %le                    1
@ ENERGY               %le          1.098272088
@ DELTAP               %le                    0
@ LENGTH               %le               157.08
@ ALFAP                %le        0.06474332556
@ Q1                   %le               4.1698
@ Q2                   %le          4.232500001
@ Q3                   %le                    0
@ DQ1                  %le         -6.456729869
@ DQ2                  %le         -12.98830767
@ DQ3                  %le                    0
* NAME                                INDEX                 KIND                    S                 BETX                 ALFX                 BETY                 ALFY                  MUX                  MUY                    X                   PX                    Y                   PY                   DX                  DPX                   DY                  DPY                  R11                  R12                  R21                  R22                  K1L                  K2L                  K3L                  K4L                  K5L                 K1SL                 K2SL                 K3SL                 K4SL                 K5SL
$ %s                                     %d                   %s                  %le                  %le                  %le                  %le                  %le                  %le                  %le                  %le                  %le                  %le                  %le                  %le                  %le                  %le                  %le                  %le                  %le                  %le                  %le                  %le                  %le                  %le                  %le                  %le                  %le                  %le                  %le                  %le                  %le
  "BR3.BPM1L3"                            0            "monitor"             5.467797          5.526929822          1.757509708          11.45432678         -4.391160871         0.1387070812         0.1718448705                    0                    0                    0                    0         -2.828129575         0.7802162044                    0                    0                    0                    0                    0                    0                    0                    0                    0                    0                    0                    0                    0                    0                    0                    0
  "BR3.BPM2L3"                            1            "monitor"            15.285302          5.703084985          1.774916845          10.97861581         -4.195677554          0.402556807         0.4350870979                    0                    0                    0                    0         -2.994776351         0.8433105231                    0                    0                    0                    0                    0                    0                    0                    0                    0                    0                    0                    0                    0                    0                    0                    0
  "BR3.BPM3L3"                            2            "monitor"            25.102807          5.740462642          1.811623231          10.97915053         -4.205711247         0.6579562896         0.7037173707                    0                    0                    0                    0         -3.003347514         0.8576514311                    0                    0                    0                    0                    0                    0                    0                    0                    0                    0                    0                    0                    0                    0                    0                    0
  "BR3.BPM4L3"                            3            "monitor"            34.920312          5.481557051          1.713008863          11.45358282         -4.373381022         0.9201586104         0.9669294558                    0                    0                    0                    0         -2.857845174         0.8299319995                    0                    0                    0                    0                    0                    0                    0                    0                    0                    0                    0                    0                    0                    0                    0                    0
  "BR3.BPM5L3"                            4            "monitor"            44.737806          5.724972243          1.812858865          11.01457538         -4.226605516          1.179132583          1.232927607                    0                    0                    0                    0         -2.766957264           0.77423975                    0                    0                    0                    0                    0                    0                    0                    0                    0                    0                    0                    0                    0                    0                    0                    0
  "BR3.BPM6L3"                            5            "monitor"            54.555311           5.50155468          1.713620776          11.40398299         -4.347749626          1.442270708          1.495024061                    0                    0                    0                    0         -2.924810464         0.8095318802                    0                    0                    0                    0                    0                    0                    0                    0                    0                    0                    0                    0                    0                    0                    0                    0
  "BR3.BPM7L3"                            6            "monitor"            64.372816          5.700811317          1.810405405          11.07680963         -4.256159338          1.700383079          1.762007592                    0                    0                    0                    0         -2.994234076         0.8604252112                    0                    0                    0                    0                    0                    0                    0                    0                    0                    0                    0                    0                    0                    0                    0                    0
  "BR3.BPM8L3"                            7            "monitor"            74.190321          5.529329459          1.717849142          11.33136587         -4.315275859          1.964286714          2.023271626                    0                    0                    0                    0         -2.826932901         0.8182129208                    0                    0                    0                    0                    0                    0                    0                    0                    0                    0                    0                    0                    0                    0                    0                    0
  "BR3.BPM9L3"                            8            "monitor"            84.007826           5.66979588          1.804451152          11.15780787         -4.290574249          2.221737213          2.290898456                    0                    0                    0                    0         -2.780249757         0.7730594111                    0                    0                    0                    0                    0                    0                    0                    0                    0                    0                    0                    0                    0                    0                    0                    0
  "BR3.BPM10L3"                           9            "monitor"             93.82532          5.562909652          1.725397881          11.24484547         -4.280079639           2.48617982          2.551720454                    0                    0                    0                    0         -2.953898692         0.8214115274                    0                    0                    0                    0                    0                    0                    0                    0                    0                    0                    0                    0                    0                    0                    0                    0
  "BR3.BPM11L3"                          10            "monitor"           103.642825          5.634246173          1.795442163          11.24712026         -4.325428895          2.743217515          2.819567271                    0                    0                    0                    0         -2.976962141         0.8599902757                    0                    0                    0                    0                    0                    0                    0                    0                    0                    0                    0                    0                    0                    0                    0                    0
  "BR3.BPM12L3"                          11            "monitor"            113.46033          5.599747636          1.735695596           11.1556818         -4.246702769          3.007934216          3.080395112                    0                    0                    0                    0         -2.800177692         0.8063924772                    0                    0                    0                    0                    0                    0                    0                    0                    0                    0                    0                    0                    0                    0                    0                    0
  "BR3.BPM13L3"                          12            "monitor"           123.277835          5.596700367          1.784025213          11.33350585         -4.356301122          3.264838748           3.34801084                    0                    0                    0                    0          -2.80114407         0.7751016972                    0                    0                    0                    0                    0                    0                    0                    0                    0                    0                    0                    0                    0                    0                    0                    0
  "BR3.BPM14L3"                          13            "monitor"           133.095339          5.637170171          1.747992235          11.07519296         -4.219398014          3.529543797          3.609291181                    0                    0                    0                    0         -2.977788668         0.8329542665                    0                    0                    0                    0                    0                    0                    0                    0                    0                    0                    0                    0                    0                    0                    0                    0
  "BR3.BPM15L3"                          14            "monitor"           142.912834          5.559998547          1.771056688          11.40572964         -4.379203644           3.78660439          3.876253773                    0                    0                    0                    0         -2.952802705         0.8563785305                    0                    0                    0                    0                    0                    0                    0                    0                    0                    0                    0                    0                    0                    0                    0                    0
  "BR3.BPM16L3"                          15            "monitor"           152.730339          5.672448255          1.761387866          11.01362266         -4.201648262          4.051013287           4.13837507                    0                    0                    0                    0         -2.779548628         0.7953407743                    0                    0                    0                    0                    0                    0                    0                    0                    0                    0                    0                    0                    0                    0                    0                    0
