@ NAME                 %s               "PSB3"
@ TYPE                 %s              "twiss"
@ TITLE                %n                  nil
@ ORIGIN               %s "MAD 1.1.15 Linux 64"
@ DATE                 %s           "14/09/26"
@ TIME                 %s           "10:13:57"
@ REFCOL               %s               "name"
@ DIRECTION            %le                    1
@ OBSERVE              %le                    1
@ ENERGY               %le          1.098272088
@ DELTAP               %le                    0
@ LENGTH               %le               157.08
@ ALFAP                %le        0.06466031725
@ Q1                   %le               4.1736
@ Q2                   %le          4.241300001
@ Q3                   %le                    0
@ DQ1                  %le         -6.465049079
@ DQ2                  %le         -13.02945575
@ DQ3                  %le                    0
* NAME                                INDEX                 KIND                    S                 BETX                 ALFX                 BETY                 ALFY                  MUX                  MUY                    X                   PX                    Y                   PY                   DX                  DPX                   DY                  DPY                  R11                  R12                  R21                  R22                  K1L                  K2L                  K3L                  K4L                  K5L                 K1SL                 K2SL                 K3SL                 K4SL                 K5SL
$ %s                                     %d                   %s                  %le                  %le                  %le                  %le                  %le                  %le                  %le                  %le                  %le                  %le                  %le                  %le                  %le                  %le                  %le                  %le                  %le                  %le                  %le                  %le                  %le                  %le                  %le                  %le                  %le                  %le                  %le                  %le                  %le
  "BR3.BPM1L3"                            0            "monitor"             5.467797          5.521274296          1.757249113          11.46164096         -4.399817277         0.1388955707         0.1721566092                    0                    0                    0                    0         -2.825589266         0.7808181554                    0                    0                    0                    0                    0                    0                    0                    0                    0                    0                    0                    0                    0                    0                    0                    0
  "BR3.BPM2L3"                            1            "monitor"            15.285302          5.698875174          1.776396637          10.98081266         -4.204218625         0.4028854105         0.4361181736                    0                    0                    0                    0         -2.987694755         0.8426003866                    0                    0                    0                    0                    0                    0                    0                    0                    0                    0                    0                    0                    0                    0                    0                    0
  "BR3.BPM3L3"                            2            "monitor"            25.102807          5.734350815          1.811240212           10.9812725         -4.211927944         0.6586318963         0.7051192326                    0                    0                    0                    0         -2.995735831         0.8560540915                    0                    0                    0                    0                    0                    0                    0                    0                    0                    0                    0                    0                    0                    0                    0                    0
  "BR3.BPM4L3"                            3            "monitor"            34.920312          5.477633363          1.714443032           11.4609106         -4.383959815         0.9209735915         0.9690471184                    0                    0                    0                    0         -2.854716672         0.8295477586                    0                    0                    0                    0                    0                    0                    0                    0                    0                    0                    0                    0                    0                    0                    0                    0
  "BR3.BPM5L3"                            4            "monitor"            44.737806          5.719454847          1.812749392          11.01410583         -4.232239545          1.180274814          1.235460315                    0                    0                    0                    0         -2.764627739           0.77483463                    0                    0                    0                    0                    0                    0                    0                    0                    0                    0                    0                    0                    0                    0                    0                    0
  "BR3.BPM6L3"                            5            "monitor"            54.555311          5.497204539           1.71483313          11.41252596         -4.358369622          1.443567263          1.498210135                    0                    0                    0                    0         -2.918156709          0.808943029                    0                    0                    0                    0                    0                    0                    0                    0                    0                    0                    0                    0                    0                    0                    0                    0
  "BR3.BPM7L3"                            6            "monitor"            64.372816          5.695560497          1.810462231          11.07641869         -4.262230558          1.701992012          1.765669471                    0                    0                    0                    0         -2.986913333         0.8589168915                    0                    0                    0                    0                    0                    0                    0                    0                    0                    0                    0                    0                    0                    0                    0                    0
  "BR3.BPM8L3"                            7            "monitor"            74.190321          5.524858049          1.718951899          11.33869605         -4.325069984          1.966063767          2.027531949                    0                    0                    0                    0         -2.823822849         0.8178649295                    0                    0                    0                    0                    0                    0                    0                    0                    0                    0                    0                    0                    0                    0                    0                    0
  "BR3.BPM9L3"                            8            "monitor"            84.007826          5.664541342          1.804562173          11.15953933         -4.297749726          2.223814745          2.295678984                    0                    0                    0                    0         -2.777718523         0.7735950411                    0                    0                    0                    0                    0                    0                    0                    0                    0                    0                    0                    0                    0                    0                    0                    0
  "BR3.BPM10L3"                           9            "monitor"             93.82532          5.558541554          1.726498009          11.24942161         -4.288616283          2.488434598          2.557067969                    0                    0                    0                    0         -2.947214995         0.8207981649                    0                    0                    0                    0                    0                    0                    0                    0                    0                    0                    0                    0                    0                    0                    0                    0
  "BR3.BPM11L3"                          10            "monitor"           103.642825          5.628818145          1.795510357          11.25192392         -4.333882775          2.745766925          2.825450692                    0                    0                    0                    0         -2.969760853          0.858509328                    0                    0                    0                    0                    0                    0                    0                    0                    0                    0                    0                    0                    0                    0                    0                    0
  "BR3.BPM12L3"                          11            "monitor"            113.46033          5.595590805          1.736875815           11.1571994         -4.254072339          3.010662904          3.086846335                    0                    0                    0                    0          -2.79713227          0.806066486                    0                    0                    0                    0                    0                    0                    0                    0                    0                    0                    0                    0                    0                    0                    0                    0
  "BR3.BPM13L3"                          12            "monitor"           123.277835          5.591057435          1.783985983           11.3410238         -4.365686255          3.267864071          3.354980695                    0                    0                    0                    0         -2.798563854         0.7756420066                    0                    0                    0                    0                    0                    0                    0                    0                    0                    0                    0                    0                    0                    0                    0                    0
  "BR3.BPM14L3"                          13            "monitor"           133.095339          5.633197057          1.749295782          11.07465282         -4.226182439          3.532742306          3.616861756                    0                    0                    0                    0         -2.970985081         0.8323121879                    0                    0                    0                    0                    0                    0                    0                    0                    0                    0                    0                    0                    0                    0                    0                    0
  "BR3.BPM15L3"                          14            "monitor"           142.912834          5.554237171          1.770890622           11.4143748         -4.388738829           3.79010967          3.884297328                    0                    0                    0                    0         -2.945596064         0.8548626103                    0                    0                    0                    0                    0                    0                    0                    0                    0                    0                    0                    0                    0                    0                    0                    0
  "BR3.BPM16L3"                          15            "monitor"           152.730339          5.668496032          1.762808708            11.013107         -4.208780652          4.054678033          4.147075248                    0                    0                    0                    0         -2.776695589         0.7950590856                    0                    0                    0                    0                    0                    0                    0                    0                    0                    0                    0                    0                    0                    0                    0                    0
