@ NAME                 %s               "PSB3"
@ TYPE                 %s              "twiss"
@ TITLE                %n                  nil
@ ORIGIN               %s "MAD 1.1.15 Linux 64"
@ DATE                 %s           "11/09/26"
@ TIME                 %s           "22:57:58"
@ REFCOL               %s               "name"
@ DIRECTION            %le                    1
@ OBSERVE              %le                    1
@ ENERGY               %le          1.098272088
@ DELTAP               %le                    0
@ LENGTH               %le               157.08
@ ALFAP                %le        0.06506282289
@ Q1                   %le          4.177053306
@ Q2                   %le           4.23776604
@ Q3                   %le                    0
@ DQ1                  %le         -6.463931705
@ DQ2                  %le         -13.03844346
@ DQ3                  %le                    0
* NAME                                INDEX                 KIND                    S                 BETX                 ALFX                 BETY                 ALFY                  MUX                  MUY                    X                   PX                    Y                   PY                   DX                  DPX                   DY                  DPY                  R11                  R12                  R21                  R22                  K1L                  K2L                  K3L                  K4L                  K5L                 K1SL                 K2SL                 K3SL                 K4SL                 K5SL
$ %s                                     %d                   %s                  %le                  %le                  %le                  %le                  %le                  %le                  %le                  %le                  %le                  %le                  %le                  %le                  %le                  %le                  %le                  %le                  %le                  %le                  %le                  %le                  %le                  %le                  %le                  %le                  %le                  %le                  %le                  %le                  %le
  "BR3.BPM1L3"                            0            "monitor"             5.467797          5.601257904          1.762942714          11.22438358         -4.301225565         0.1396088588         0.1725916213                    0                    0                    0                    0         -2.878535454         0.8163605175                    0                    0                    0                    0                    0                    0                    0                    0                    0                    0                    0                    0                    0                    0                    0                    0
  "BR3.BPM2L3"                            1            "monitor"            15.285302          5.601240274          1.762939047          11.22442732         -4.301234473         0.4006748325         0.4374520651                    0                    0                    0                    0         -2.878531218          0.816360365                    0                    0                    0                    0                    0                    0                    0                    0                    0                    0                    0                    0                    0                    0                    0                    0
  "BR3.BPM3L3"                            2            "monitor"            25.102807          5.601222645           1.76293538          11.22446988         -4.301243034         0.6617408062         0.7023125181                    0                    0                    0                    0         -2.878527577         0.8163604632                    0                    0                    0                    0                    0                    0                    0                    0                    0                    0                    0                    0                    0                    0                    0                    0
  "BR3.BPM4L3"                            3            "monitor"            34.920312          5.601205016          1.762931713           11.2245131         -4.301251766           0.92280678         0.9671729639                    0                    0                    0                    0         -2.878523841         0.8163606738                    0                    0                    0                    0                    0                    0                    0                    0                    0                    0                    0                    0                    0                    0                    0                    0
  "BR3.BPM5L3"                            4            "monitor"            44.737806          5.601226171          1.762936114          11.22446135         -4.301241327          1.183872441          1.232033259                    0                    0                    0                    0         -2.878528148         0.8163605421                    0                    0                    0                    0                    0                    0                    0                    0                    0                    0                    0                    0                    0                    0                    0                    0
  "BR3.BPM6L3"                            5            "monitor"            54.555311          5.601208541          1.762932447          11.22450456         -4.301250031          1.444938415          1.496893704                    0                    0                    0                    0         -2.878523652         0.8163602823                    0                    0                    0                    0                    0                    0                    0                    0                    0                    0                    0                    0                    0                    0                    0                    0
  "BR3.BPM7L3"                            6            "monitor"            64.372816          5.601190912           1.76292878          11.22454737         -4.301258677          1.706004389          1.761754155                    0                    0                    0                    0         -2.878520172         0.8163603867                    0                    0                    0                    0                    0                    0                    0                    0                    0                    0                    0                    0                    0                    0                    0                    0
  "BR3.BPM8L3"                            7            "monitor"            74.190321          5.601173283          1.762925113          11.22459036         -4.301267335          1.967070362          2.026614601                    0                    0                    0                    0         -2.878516674         0.8163607038                    0                    0                    0                    0                    0                    0                    0                    0                    0                    0                    0                    0                    0                    0                    0                    0
  "BR3.BPM9L3"                            8            "monitor"            84.007826          5.601155654          1.762921446          11.22463344         -4.301276066          2.228136336           2.29147505                    0                    0                    0                    0         -2.878511806         0.8163605511                    0                    0                    0                    0                    0                    0                    0                    0                    0                    0                    0                    0                    0                    0                    0                    0
  "BR3.BPM10L3"                           9            "monitor"             93.82532          5.601176809          1.762925846          11.22458185         -4.301265658          2.489201997          2.556335343                    0                    0                    0                    0          -2.87851638         0.8163603228                    0                    0                    0                    0                    0                    0                    0                    0                    0                    0                    0                    0                    0                    0                    0                    0
  "BR3.BPM11L3"                          10            "monitor"           103.642825           5.60115918          1.762922179          11.22462469         -4.301274253          2.750267971          2.821195789                    0                    0                    0                    0         -2.878512876         0.8163604354                    0                    0                    0                    0                    0                    0                    0                    0                    0                    0                    0                    0                    0                    0                    0                    0
  "BR3.BPM12L3"                          11            "monitor"            113.46033           5.60114155          1.762918512          11.22466806          -4.30128312          3.011333945          3.086056241                    0                    0                    0                    0         -2.878509291         0.8163607198                    0                    0                    0                    0                    0                    0                    0                    0                    0                    0                    0                    0                    0                    0                    0                    0
  "BR3.BPM13L3"                          12            "monitor"           123.277835          5.601123921          1.762914845          11.22471063         -4.301291601          3.272399918          3.350916686                    0                    0                    0                    0          -2.87850446         0.8163605635                    0                    0                    0                    0                    0                    0                    0                    0                    0                    0                    0                    0                    0                    0                    0                    0
  "BR3.BPM14L3"                          13            "monitor"           133.095339          5.601109818          1.762911912          11.22474555         -4.301298774          3.533465864          3.615777123                    0                    0                    0                    0         -2.878500802         0.8163603008                    0                    0                    0                    0                    0                    0                    0                    0                    0                    0                    0                    0                    0                    0                    0                    0
  "BR3.BPM15L3"                          14            "monitor"           142.912834          5.601127447          1.762915579          11.22470198         -4.301289854          3.794531553          3.880637428                    0                    0                    0                    0         -2.878505688         0.8163604936                    0                    0                    0                    0                    0                    0                    0                    0                    0                    0                    0                    0                    0                    0                    0                    0
  "BR3.BPM16L3"                          15            "monitor"           152.730339          5.601109818          1.762911912          11.22474572         -4.301298809          4.055597527          4.145497876                    0                    0                    0                    0         -2.878501737          0.816360662                    0                    0                    0                    0                    0                    0                    0                    0                    0                    0                    0                    0                    0                    0                    0                    0
