@ NAME                 %s               "PSB3"
@ TYPE                 %s              "twiss"
@ TITLE                %n                  nil
@ ORIGIN               %s "MAD 1.1.14 Linux 64"
@ DATE                 %s           "31/08/26"
@ TIME                 %s           "03:49:12"
@ REFCOL               %s               "name"
@ DIRECTION            %le                    1
@ OBSERVE              %le                    1
@ ENERGY               %le          1.098272088
@ DELTAP               %le                    0
@ LENGTH               %le               157.08
@ ALFAP                %le        0.06473641229
@ Q1                   %le          4.169599972
@ Q2                   %le          4.232399962
@ Q3                   %le                    0
@ DQ1                  %le          -6.45656909
@ DQ2                  %le          -13.0433248
@ DQ3                  %le                    0
* NAME                                INDEX                 KIND                    S                 BETX                 ALFX                 BETY                 ALFY                  MUX                  MUY                    X                   PX                    Y                   PY                   DX                  DPX                   DY                  DPY                  R11                  R12                  R21                  R22                  K1L                  K2L                  K3L                  K4L                  K5L                 K1SL                 K2SL                 K3SL                 K4SL                 K5SL
$ %s                                     %d                   %s                  %le                  %le                  %le                  %le                  %le                  %le                  %le                  %le                  %le                  %le                  %le                  %le                  %le                  %le                  %le                  %le                  %le                  %le                  %le                  %le                  %le                  %le                  %le                  %le                  %le                  %le                  %le                  %le                  %le
  "BR3.BPM1L3"                            0            "monitor"             5.467797          5.525234627          1.757422065          11.45244203         -4.390212287         0.1386818628         0.1718428347                    0                    0                    0                    0         -2.826837494         0.7792945503                    0                    0                    0                    0                    0                    0                    0                    0                    0                    0                    0                    0                    0                    0                    0                    0
  "BR3.BPM2L3"                            1            "monitor"            15.285302          5.705590023          1.775193274          10.97960892         -4.195897955         0.4026001811         0.4350848763                    0                    0                    0                    0         -2.997749844          0.843990887                    0                    0                    0                    0                    0                    0                    0                    0                    0                    0                    0                    0                    0                    0                    0                    0
  "BR3.BPM3L3"                            2            "monitor"            25.102807          5.743930161          1.812844355          10.98014056         -4.205892884         0.6578589469         0.7036861803                    0                    0                    0                    0         -3.006550095         0.8587149402                    0                    0                    0                    0                    0                    0                    0                    0                    0                    0                    0                    0                    0                    0                    0                    0
  "BR3.BPM4L3"                            3            "monitor"            34.920312          5.478713687           1.71179426          11.45170448         -4.372520995         0.9200902568         0.9668983327                    0                    0                    0                    0         -2.857306905         0.8302710503                    0                    0                    0                    0                    0                    0                    0                    0                    0                    0                    0                    0                    0                    0                    0                    0
  "BR3.BPM5L3"                            4            "monitor"            44.737806          5.728047698          1.814101177          11.01537608         -4.226667328          1.179009371          1.232882744                    0                    0                    0                    0         -2.764146737         0.7731705404                    0                    0                    0                    0                    0                    0                    0                    0                    0                    0                    0                    0                    0                    0                    0                    0
  "BR3.BPM6L3"                            5            "monitor"            54.555311          5.499206612          1.712427868          11.40239007         -4.347042396          1.442198531          1.494986419                    0                    0                    0                    0         -2.926041234         0.8093733922                    0                    0                    0                    0                    0                    0                    0                    0                    0                    0                    0                    0                    0                    0                    0                    0
  "BR3.BPM7L3"                            6            "monitor"            64.372816          5.703296865          1.811583521          11.07723911         -4.256040874          1.700235699          1.761949875                    0                    0                    0                    0         -2.997202392         0.8615544609                    0                    0                    0                    0                    0                    0                    0                    0                    0                    0                    0                    0                    0                    0                    0                    0
  "BR3.BPM8L3"                            7            "monitor"            74.190321          5.527655588          1.716761801          11.33021662         -4.314769913          1.964208337          2.023226537                    0                    0                    0                    0         -2.825630179         0.8182611233                    0                    0                    0                    0                    0                    0                    0                    0                    0                    0                    0                    0                    0                    0                    0                    0
  "BR3.BPM9L3"                            8            "monitor"            84.007826          5.671534696          1.805484173          11.15773713         -4.290240693          2.221568018          2.290829123                    0                    0                    0                    0         -2.777774557         0.7719629099                    0                    0                    0                    0                    0                    0                    0                    0                    0                    0                    0                    0                    0                    0                    0                    0
  "BR3.BPM10L3"                           9            "monitor"             93.82532          5.562042008          1.724492628          11.24423506         -4.279794888          2.486092294          2.551666635                    0                    0                    0                    0         -2.955849568         0.8215474882                    0                    0                    0                    0                    0                    0                    0                    0                    0                    0                    0                    0                    0                    0                    0                    0
  "BR3.BPM11L3"                          10            "monitor"           103.642825          5.635133298          1.796259274          11.24649135         -4.324875949          2.743029381          2.819487786                    0                    0                    0                    0         -2.979499954         0.8611078932                    0                    0                    0                    0                    0                    0                    0                    0                    0                    0                    0                    0                    0                    0                    0                    0
  "BR3.BPM12L3"                          11            "monitor"            113.46033          5.599762326          1.735036317          11.15562891         -4.246627756           3.00783426          3.080331091                    0                    0                    0                    0         -2.798211784         0.8061477719                    0                    0                    0                    0                    0                    0                    0                    0                    0                    0                    0                    0                    0                    0                    0                    0
  "BR3.BPM13L3"                          12            "monitor"           123.277835          5.596689911          1.784570576             11.33234         -4.355555588          3.264634902          3.347922671                    0                    0                    0                    0          -2.79918704          0.774055548                    0                    0                    0                    0                    0                    0                    0                    0                    0                    0                    0                    0                    0                    0                    0                    0
  "BR3.BPM14L3"                          13            "monitor"           133.095339          5.638082047          1.747625743          11.07563718         -4.219491539          3.529428042            3.6092155                    0                    0                    0                    0         -2.980334227         0.8333764799                    0                    0                    0                    0                    0                    0                    0                    0                    0                    0                    0                    0                    0                    0                    0                    0
  "BR3.BPM15L3"                          14            "monitor"           142.912834           5.55910694          1.771293327          11.40412431         -4.378319658          3.786388204          3.876158193                    0                    0                    0                    0         -2.954743726         0.8574079552                    0                    0                    0                    0                    0                    0                    0                    0                    0                    0                    0                    0                    0                    0                    0                    0
  "BR3.BPM16L3"                          15            "monitor"           152.730339            5.6742099          1.761340662          11.01443295         -4.201845184          4.050878514            4.1382865                    0                    0                    0                    0          -2.77706692         0.7948214697                    0                    0                    0                    0                    0                    0                    0                    0                    0                    0                    0                    0                    0                    0                    0                    0
