@ NAME                 %s               "PSB3"
@ TYPE                 %s              "twiss"
@ TITLE                %n                  nil
@ ORIGIN               %s "MAD 1.1.14 Linux 64"
@ DATE                 %s           "31/08/26"
@ TIME                 %s           "03:49:12"
@ REFCOL               %s               "name"
@ DIRECTION            %le                    1
@ OBSERVE              %le                    1
@ ENERGY               %le          1.098272088
@ DELTAP               %le                    0
@ LENGTH               %le               157.08
@ ALFAP                %le        0.06515504822
@ Q1                   %le          4.173145903
@ Q2                   %le          4.228892753
@ Q3                   %le                    0
@ DQ1                  %le          -6.45532763
@ DQ2                  %le         -13.05222916
@ DQ3                  %le                    0
* NAME                                INDEX                 KIND                    S                 BETX                 ALFX                 BETY                 ALFY                  MUX                  MUY                    X                   PX                    Y                   PY                   DX                  DPX                   DY                  DPY                  R11                  R12                  R21                  R22                  K1L                  K2L                  K3L                  K4L                  K5L                 K1SL                 K2SL                 K3SL                 K4SL                 K5SL
$ %s                                     %d                   %s                  %le                  %le                  %le                  %le                  %le                  %le                  %le                  %le                  %le                  %le                  %le                  %le                  %le                  %le                  %le                  %le                  %le                  %le                  %le                  %le                  %le                  %le                  %le                  %le                  %le                  %le                  %le                  %le                  %le
  "BR3.BPM1L3"                            0            "monitor"             5.467797          5.606195499           1.76231387          11.22001666         -4.292686663         0.1394803071         0.1721433925                    0                    0                    0                    0         -2.883572304          0.816854304                    0                    0                    0                    0                    0                    0                    0                    0                    0                    0                    0                    0                    0                    0                    0                    0
  "BR3.BPM2L3"                            1            "monitor"            15.285302          5.606177876          1.762310208          11.22006032         -4.292695542          0.400302068         0.4364492559                    0                    0                    0                    0         -2.883568057         0.8168541463                    0                    0                    0                    0                    0                    0                    0                    0                    0                    0                    0                    0                    0                    0                    0                    0
  "BR3.BPM3L3"                            2            "monitor"            25.102807          5.606160253          1.762306546          11.22010279         -4.292704071         0.6611238289         0.7007551284                    0                    0                    0                    0         -2.883564429         0.8168542478                    0                    0                    0                    0                    0                    0                    0                    0                    0                    0                    0                    0                    0                    0                    0                    0
  "BR3.BPM4L3"                            3            "monitor"            34.920312          5.606142629          1.762302884          11.22014593         -4.292712778         0.9219455898         0.9650609938                    0                    0                    0                    0         -2.883560699         0.8168544634                    0                    0                    0                    0                    0                    0                    0                    0                    0                    0                    0                    0                    0                    0                    0                    0
  "BR3.BPM5L3"                            4            "monitor"            44.737806          5.606163777          1.762307279          11.22009427         -4.292702368          1.182767038          1.229366708                    0                    0                    0                    0         -2.883564993         0.8168543284                    0                    0                    0                    0                    0                    0                    0                    0                    0                    0                    0                    0                    0                    0                    0                    0
  "BR3.BPM6L3"                            5            "monitor"            54.555311          5.606146154          1.762303617          11.22013741         -4.292711051          1.443588799          1.493672573                    0                    0                    0                    0         -2.883560487         0.8168540637                    0                    0                    0                    0                    0                    0                    0                    0                    0                    0                    0                    0                    0                    0                    0                    0
  "BR3.BPM7L3"                            6            "monitor"            64.372816          5.606128531          1.762299955          11.22018011         -4.292719658           1.70441056          1.757978444                    0                    0                    0                    0          -2.88355702         0.8168541714                    0                    0                    0                    0                    0                    0                    0                    0                    0                    0                    0                    0                    0                    0                    0                    0
  "BR3.BPM8L3"                            7            "monitor"            74.190321          5.606110908          1.762296293          11.22022304         -4.292728298          1.965232321          2.022284309                    0                    0                    0                    0         -2.883553527         0.8168544932                    0                    0                    0                    0                    0                    0                    0                    0                    0                    0                    0                    0                    0                    0                    0                    0
  "BR3.BPM9L3"                            8            "monitor"            84.007826          5.606093285          1.762292631            11.220266         -4.292736989          2.226054082          2.286590178                    0                    0                    0                    0         -2.883548642         0.8168543375                    0                    0                    0                    0                    0                    0                    0                    0                    0                    0                    0                    0                    0                    0                    0                    0
  "BR3.BPM10L3"                           9            "monitor"             93.82532          5.606114433          1.762297026          11.22021455         -4.292726625          2.486875531           2.55089589                    0                    0                    0                    0         -2.883553211         0.8168541043                    0                    0                    0                    0                    0                    0                    0                    0                    0                    0                    0                    0                    0                    0                    0                    0
  "BR3.BPM11L3"                          10            "monitor"           103.642825           5.60609681          1.762293364          11.22025728         -4.292735184          2.747697291          2.815201755                    0                    0                    0                    0         -2.883549719           0.81685422                    0                    0                    0                    0                    0                    0                    0                    0                    0                    0                    0                    0                    0                    0                    0                    0
  "BR3.BPM12L3"                          11            "monitor"            113.46033          5.606079187          1.762289702          11.22030058         -4.292744025          3.008519052          3.079507627                    0                    0                    0                    0         -2.883546139         0.8168545092                    0                    0                    0                    0                    0                    0                    0                    0                    0                    0                    0                    0                    0                    0                    0                    0
  "BR3.BPM13L3"                          12            "monitor"           123.277835          5.606061564           1.76228604          11.22034306         -4.292752476          3.269340813          3.343813492                    0                    0                    0                    0         -2.883541291         0.8168543499                    0                    0                    0                    0                    0                    0                    0                    0                    0                    0                    0                    0                    0                    0                    0                    0
  "BR3.BPM14L3"                          13            "monitor"           133.095339          5.606047466          1.762283111          11.22037791         -4.292759624          3.530162546          3.608119348                    0                    0                    0                    0         -2.883537623         0.8168540824                    0                    0                    0                    0                    0                    0                    0                    0                    0                    0                    0                    0                    0                    0                    0                    0
  "BR3.BPM15L3"                          14            "monitor"           142.912834          5.606065089          1.762286773          11.22033443         -4.292750736          3.790984023          3.872425072                    0                    0                    0                    0         -2.883542526          0.816854278                    0                    0                    0                    0                    0                    0                    0                    0                    0                    0                    0                    0                    0                    0                    0                    0
  "BR3.BPM16L3"                          15            "monitor"           152.730339          5.606047466          1.762283111          11.22037808         -4.292759659          4.051805784           4.13673094                    0                    0                    0                    0         -2.883538581         0.8168544515                    0                    0                    0                    0                    0                    0                    0                    0                    0                    0                    0                    0                    0                    0                    0                    0
