@ NAME                 %s               "PSB3"
@ TYPE                 %s              "twiss"
@ TITLE                %n                  nil
@ ORIGIN               %s "MAD 1.1.14 Linux 64"
@ DATE                 %s           "31/08/26"
@ TIME                 %s           "02:51:47"
@ REFCOL               %s               "name"
@ DIRECTION            %le                    1
@ OBSERVE              %le                    1
@ ENERGY               %le          1.098272088
@ DELTAP               %le                    0
@ LENGTH               %le               157.08
@ ALFAP                %le        0.06299675057
@ Q1                   %le          4.225799971
@ Q2                   %le          4.123499964
@ Q3                   %le                    0
@ DQ1                  %le         -6.489865153
@ DQ2                  %le         -12.82554973
@ DQ3                  %le                    0
* NAME                                INDEX                 KIND                    S                 BETX                 ALFX                 BETY                 ALFY                  MUX                  MUY                    X                   PX                    Y                   PY                   DX                  DPX                   DY                  DPY                  R11                  R12                  R21                  R22                  K1L                  K2L                  K3L                  K4L                  K5L                 K1SL                 K2SL                 K3SL                 K4SL                 K5SL
$ %s                                     %d                   %s                  %le                  %le                  %le                  %le                  %le                  %le                  %le                  %le                  %le                  %le                  %le                  %le                  %le                  %le                  %le                  %le                  %le                  %le                  %le                  %le                  %le                  %le                  %le                  %le                  %le                  %le                  %le                  %le                  %le
  "BR3.BPM1L3"                            0            "monitor"             5.467797          5.464798566          1.726917987          11.47340299         -4.387364347         0.1417875524         0.1687005334                    0                    0                    0                    0         -2.783349175         0.7676747254                    0                    0                    0                    0                    0                    0                    0                    0                    0                    0                    0                    0                    0                    0                    0                    0
  "BR3.BPM2L3"                            1            "monitor"            15.285302          5.674456942          1.768381747          11.03114171         -4.168591811         0.4080538498         0.4221669916                    0                    0                    0                    0         -2.905832329         0.8180869301                    0                    0                    0                    0                    0                    0                    0                    0                    0                    0                    0                    0                    0                    0                    0                    0
  "BR3.BPM3L3"                            2            "monitor"            25.102807          5.688577438          1.782291001          11.03119809         -4.217413767         0.6680950639         0.6871239317                    0                    0                    0                    0         -2.908536364         0.8226316635                    0                    0                    0                    0                    0                    0                    0                    0                    0                    0                    0                    0                    0                    0                    0                    0
  "BR3.BPM4L3"                            3            "monitor"            34.920312          5.439501908          1.702064295          11.47351825         -4.334872864         0.9326039409          0.940590219                    0                    0                    0                    0         -2.807530681         0.8082784004                    0                    0                    0                    0                    0                    0                    0                    0                    0                    0                    0                    0                    0                    0                    0                    0
  "BR3.BPM5L3"                            4            "monitor"            44.737806          5.682410006          1.788344685          11.08681882         -4.242027627          1.196134513          1.202392883                    0                    0                    0                    0         -2.720738758         0.7614275542                    0                    0                    0                    0                    0                    0                    0                    0                    0                    0                    0                    0                    0                    0                    0                    0
  "BR3.BPM6L3"                            5            "monitor"            54.555311          5.453535808          1.698803841          11.41445043         -4.309432039          1.461887361          1.455344078                    0                    0                    0                    0         -2.837349738         0.7842084914                    0                    0                    0                    0                    0                    0                    0                    0                    0                    0                    0                    0                    0                    0                    0                    0
  "BR3.BPM7L3"                            6            "monitor"            64.372816          5.660938306          1.788701169          11.14886911         -4.268081748          1.724243277          1.717581004                    0                    0                    0                    0         -2.903164899         0.8269613349                    0                    0                    0                    0                    0                    0                    0                    0                    0                    0                    0                    0                    0                    0                    0                    0
  "BR3.BPM8L3"                            7            "monitor"            74.190321           5.48164951          1.701341906          11.35021434          -4.28304516           1.99105694          1.970178298                    0                    0                    0                    0         -2.774706661         0.7964898941                    0                    0                    0                    0                    0                    0                    0                    0                    0                    0                    0                    0                    0                    0                    0                    0
  "BR3.BPM9L3"                            8            "monitor"            84.007826          5.626953981          1.783321866          11.21506256         -4.294635671          2.252491499          2.232681889                    0                    0                    0                    0         -2.731990799         0.7592183879                    0                    0                    0                    0                    0                    0                    0                    0                    0                    0                    0                    0                    0                    0                    0                    0
  "BR3.BPM10L3"                           9            "monitor"             93.82532          5.520303938           1.70936736          11.28289883         -4.256609633          2.520047188          2.485098896                    0                    0                    0                    0         -2.868132885         0.7963944635                    0                    0                    0                    0                    0                    0                    0                    0                    0                    0                    0                    0                    0                    0                    0                    0
  "BR3.BPM11L3"                          10            "monitor"           103.642825          5.584854905          1.772904674          11.28296336         -4.320730563          2.780933153          2.747692397                    0                    0                    0                    0         -2.886351567         0.8269784983                    0                    0                    0                    0                    0                    0                    0                    0                    0                    0                    0                    0                    0                    0                    0                    0
  "BR3.BPM12L3"                          11            "monitor"            113.46033          5.564461589          1.721834263          11.21507452          -4.23109864          3.048818742          3.000109593                    0                    0                    0                    0         -2.746932578         0.7843008992                    0                    0                    0                    0                    0                    0                    0                    0                    0                    0                    0                    0                    0                    0                    0                    0
  "BR3.BPM13L3"                          12            "monitor"           123.277835          5.539968428          1.758770823          11.35035693         -4.345480846          3.309599885           3.26261312                    0                    0                    0                    0         -2.753784732         0.7613939007                    0                    0                    0                    0                    0                    0                    0                    0                    0                    0                    0                    0                    0                    0                    0                    0
  "BR3.BPM14L3"                          13            "monitor"           133.095339           5.60848949          1.737149592          11.14904302         -4.207395517          3.577360527          3.515210494                    0                    0                    0                    0         -2.891962838         0.8081921141                    0                    0                    0                    0                    0                    0                    0                    0                    0                    0                    0                    0                    0                    0                    0                    0
  "BR3.BPM15L3"                          14            "monitor"           142.912834          5.498130581          1.742750264          11.41466955         -4.367972356          3.838493916          3.777447158                    0                    0                    0                    0         -2.860254134         0.8226808386                    0                    0                    0                    0                    0                    0                    0                    0                    0                    0                    0                    0                    0                    0                    0                    0
  "BR3.BPM16L3"                          15            "monitor"           152.730339          5.646759088          1.753351977          11.08707836         -4.186326784          4.105690983          4.030398499                    0                    0                    0                    0         -2.727773364         0.7732762601                    0                    0                    0                    0                    0                    0                    0                    0                    0                    0                    0                    0                    0                    0                    0                    0
