@ NAME                 %s               "PSB3"
@ TYPE                 %s              "twiss"
@ TITLE                %n                  nil
@ ORIGIN               %s "MAD 1.1.14 Linux 64"
@ DATE                 %s           "31/08/26"
@ TIME                 %s           "02:51:47"
@ REFCOL               %s               "name"
@ DIRECTION            %le                    1
@ OBSERVE              %le                    1
@ ENERGY               %le          1.098272088
@ DELTAP               %le                    0
@ LENGTH               %le               157.08
@ ALFAP                %le         0.0633341943
@ Q1                   %le          4.229346014
@ Q2                   %le          4.119964569
@ Q3                   %le                    0
@ DQ1                  %le         -6.489006708
@ DQ2                  %le         -12.83063549
@ DQ3                  %le                    0
* NAME                                INDEX                 KIND                    S                 BETX                 ALFX                 BETY                 ALFY                  MUX                  MUY                    X                   PX                    Y                   PY                   DX                  DPX                   DY                  DPY                  R11                  R12                  R21                  R22                  K1L                  K2L                  K3L                  K4L                  K5L                 K1SL                 K2SL                 K3SL                 K4SL                 K5SL
$ %s                                     %d                   %s                  %le                  %le                  %le                  %le                  %le                  %le                  %le                  %le                  %le                  %le                  %le                  %le                  %le                  %le                  %le                  %le                  %le                  %le                  %le                  %le                  %le                  %le                  %le                  %le                  %le                  %le                  %le                  %le                  %le
  "BR3.BPM1L3"                            0            "monitor"             5.467797          5.562134866          1.743597892          11.25990184         -4.279955928         0.1417565696         0.1668550346                    0                    0                    0                    0         -2.814058856         0.7933704557                    0                    0                    0                    0                    0                    0                    0                    0                    0                    0                    0                    0                    0                    0                    0                    0
  "BR3.BPM2L3"                            1            "monitor"            15.285302           5.56211743           1.74359426           11.2599456         -4.279964809         0.4060908386          0.424352886                    0                    0                    0                    0         -2.814054821         0.7933703575                    0                    0                    0                    0                    0                    0                    0                    0                    0                    0                    0                    0                    0                    0                    0                    0
  "BR3.BPM3L3"                            2            "monitor"            25.102807          5.562099994          1.743590629          11.25998766         -4.279973155         0.6704251075         0.6818507469                    0                    0                    0                    0         -2.814051138         0.7933704203                    0                    0                    0                    0                    0                    0                    0                    0                    0                    0                    0                    0                    0                    0                    0                    0
  "BR3.BPM4L3"                            3            "monitor"            34.920312          5.562082558          1.743586997            11.260031         -4.279981903         0.9347593765         0.9393486004                    0                    0                    0                    0         -2.814047439         0.7933705781                    0                    0                    0                    0                    0                    0                    0                    0                    0                    0                    0                    0                    0                    0                    0                    0
  "BR3.BPM5L3"                            4            "monitor"            44.737806          5.562103481          1.743591355          11.25997914         -4.279971458          1.199093331          1.196846304                    0                    0                    0                    0         -2.814051766         0.7933704838                    0                    0                    0                    0                    0                    0                    0                    0                    0                    0                    0                    0                    0                    0                    0                    0
  "BR3.BPM6L3"                            5            "monitor"            54.555311          5.562086045          1.743587723          11.26002254         -4.279980203            1.4634276          1.454344156                    0                    0                    0                    0         -2.814047459         0.7933702752                    0                    0                    0                    0                    0                    0                    0                    0                    0                    0                    0                    0                    0                    0                    0                    0
  "BR3.BPM7L3"                            6            "monitor"            64.372816           5.56206861          1.743584091          11.26006469         -4.279988579          1.727761869          1.711842016                    0                    0                    0                    0         -2.814043938         0.7933703423                    0                    0                    0                    0                    0                    0                    0                    0                    0                    0                    0                    0                    0                    0                    0                    0
  "BR3.BPM8L3"                            7            "monitor"            74.190321          5.562051174          1.743580459          11.26010794         -4.279997299          1.992096138          1.969339869                    0                    0                    0                    0         -2.814040483         0.7933706098                    0                    0                    0                    0                    0                    0                    0                    0                    0                    0                    0                    0                    0                    0                    0                    0
  "BR3.BPM9L3"                            8            "monitor"            84.007826          5.562033738          1.743576828          11.26015032         -4.280005752          2.256430406          2.226837727                    0                    0                    0                    0         -2.814035877         0.7933704914                    0                    0                    0                    0                    0                    0                    0                    0                    0                    0                    0                    0                    0                    0                    0                    0
  "BR3.BPM10L3"                           9            "monitor"             93.82532          5.562054661          1.743581186          11.26009946         -4.279995633          2.520764361          2.484335427                    0                    0                    0                    0          -2.81404039          0.793370313                    0                    0                    0                    0                    0                    0                    0                    0                    0                    0                    0                    0                    0                    0                    0                    0
  "BR3.BPM11L3"                          10            "monitor"           103.642825          5.562037225          1.743577554          11.26014166         -4.280003979           2.78509863          2.741833282                    0                    0                    0                    0         -2.814036855         0.7933703926                    0                    0                    0                    0                    0                    0                    0                    0                    0                    0                    0                    0                    0                    0                    0                    0
  "BR3.BPM12L3"                          11            "monitor"            113.46033          5.562019789          1.743573922          11.26018518         -4.280012852          3.049432899           2.99933114                    0                    0                    0                    0         -2.814033309         0.7933706276                    0                    0                    0                    0                    0                    0                    0                    0                    0                    0                    0                    0                    0                    0                    0                    0
  "BR3.BPM13L3"                          12            "monitor"           123.277835          5.562002354           1.74357029          11.26022725         -4.280021135          3.313767168          3.256828995                    0                    0                    0                    0         -2.814028733         0.7933705026                    0                    0                    0                    0                    0                    0                    0                    0                    0                    0                    0                    0                    0                    0                    0                    0
  "BR3.BPM14L3"                          13            "monitor"           133.095339          5.561988405          1.743567385          11.26026224         -4.280028291          3.578101408          3.514326838                    0                    0                    0                    0         -2.814025248         0.7933702901                    0                    0                    0                    0                    0                    0                    0                    0                    0                    0                    0                    0                    0                    0                    0                    0
  "BR3.BPM15L3"                          14            "monitor"           142.912834          5.562005841          1.743571017          11.26021868         -4.280019424          3.842435391          3.771824553                    0                    0                    0                    0          -2.81402988         0.7933704533                    0                    0                    0                    0                    0                    0                    0                    0                    0                    0                    0                    0                    0                    0                    0                    0
  "BR3.BPM16L3"                          15            "monitor"           152.730339          5.561988405          1.743567385          11.26026238          -4.28002832           4.10676966          4.029322408                    0                    0                    0                    0         -2.814025955         0.7933705686                    0                    0                    0                    0                    0                    0                    0                    0                    0                    0                    0                    0                    0                    0                    0                    0
