@ NAME                 %s               "PSB3"
@ TYPE                 %s              "twiss"
@ TITLE                %n                  nil
@ ORIGIN               %s "MAD 1.1.14 Linux 64"
@ DATE                 %s           "31/08/26"
@ TIME                 %s           "03:02:59"
@ REFCOL               %s               "name"
@ DIRECTION            %le                    1
@ OBSERVE              %le                    1
@ ENERGY               %le          1.098272088
@ DELTAP               %le                    0
@ LENGTH               %le               157.08
@ ALFAP                %le        0.06464281157
@ Q1                   %le          4.173799972
@ Q2                   %le          4.240999962
@ Q3                   %le                    0
@ DQ1                  %le         -6.465360346
@ DQ2                  %le         -13.08489685
@ DQ3                  %le                    0
* NAME                                INDEX                 KIND                    S                 BETX                 ALFX                 BETY                 ALFY                  MUX                  MUY                    X                   PX                    Y                   PY                   DX                  DPX                   DY                  DPY                  R11                  R12                  R21                  R22                  K1L                  K2L                  K3L                  K4L                  K5L                 K1SL                 K2SL                 K3SL                 K4SL                 K5SL
$ %s                                     %d                   %s                  %le                  %le                  %le                  %le                  %le                  %le                  %le                  %le                  %le                  %le                  %le                  %le                  %le                  %le                  %le                  %le                  %le                  %le                  %le                  %le                  %le                  %le                  %le                  %le                  %le                  %le                  %le                  %le                  %le
  "BR3.BPM1L3"                            0            "monitor"             5.467797          5.518887175          1.756968397           11.4578842         -4.398235455         0.1388925243         0.1721538755                    0                    0                    0                    0         -2.823971577         0.7798301588                    0                    0                    0                    0                    0                    0                    0                    0                    0                    0                    0                    0                    0                    0                    0                    0
  "BR3.BPM2L3"                            1            "monitor"            15.285302          5.701294166          1.776753333          10.98420301         -4.205483947         0.4029700942         0.4361082467                    0                    0                    0                    0         -2.990113652         0.8431781126                    0                    0                    0                    0                    0                    0                    0                    0                    0                    0                    0                    0                    0                    0                    0                    0
  "BR3.BPM3L3"                            2            "monitor"            25.102807          5.737557973          1.812371152          10.98465911         -4.213145763         0.6586038462         0.7050383573                    0                    0                    0                    0         -2.998331203         0.8569271508                    0                    0                    0                    0                    0                    0                    0                    0                    0                    0                    0                    0                    0                    0                    0                    0
  "BR3.BPM4L3"                            3            "monitor"            34.920312          5.474231448          1.713165461          11.45716588         -4.382555985         0.9209899214         0.9689596464                    0                    0                    0                    0         -2.853840222         0.8298000802                    0                    0                    0                    0                    0                    0                    0                    0                    0                    0                    0                    0                    0                    0                    0                    0
  "BR3.BPM5L3"                            4            "monitor"            44.737806          5.722314958          1.813941854           11.0170895         -4.233179281          1.180269657          1.235338388                    0                    0                    0                    0         -2.761376809         0.7736854254                    0                    0                    0                    0                    0                    0                    0                    0                    0                    0                    0                    0                    0                    0                    0                    0
  "BR3.BPM6L3"                            5            "monitor"            54.555311          5.494286231          1.713548087          11.40944999          -4.35733618          1.443632696           1.49810056                    0                    0                    0                    0         -2.918728524         0.8086220401                    0                    0                    0                    0                    0                    0                    0                    0                    0                    0                    0                    0                    0                    0                    0                    0
  "BR3.BPM7L3"                            6            "monitor"            64.372816          5.697811018           1.81160799          11.07849452         -4.262722311          1.702011622          1.765508522                    0                    0                    0                    0         -2.989292733         0.8598744188                    0                    0                    0                    0                    0                    0                    0                    0                    0                    0                    0                    0                    0                    0                    0                    0
  "BR3.BPM8L3"                            7            "monitor"            74.190321          5.522661975          1.717766682          11.33673102         -4.324544409          1.966175552          2.027397873                    0                    0                    0                    0         -2.822112334         0.8178049587                    0                    0                    0                    0                    0                    0                    0                    0                    0                    0                    0                    0                    0                    0                    0                    0
  "BR3.BPM9L3"                            8            "monitor"            84.007826          5.665972727          1.805557178            11.160345         -4.297693757          2.223861963           2.29548229                    0                    0                    0                    0         -2.774806675          0.772407484                    0                    0                    0                    0                    0                    0                    0                    0                    0                    0                    0                    0                    0                    0                    0                    0
  "BR3.BPM10L3"                           9            "monitor"             93.82532          5.557243675          1.725511176          11.24883586         -4.288656703          2.488589115          2.556905963                    0                    0                    0                    0         -2.948570712         0.8207950876                    0                    0                    0                    0                    0                    0                    0                    0                    0                    0                    0                    0                    0                    0                    0                    0
  "BR3.BPM11L3"                          10            "monitor"           103.642825          5.629291779          1.796263661          11.25129551         -4.333264817          2.745845356          2.825222203                    0                    0                    0                    0          -2.97168549         0.8594582711                    0                    0                    0                    0                    0                    0                    0                    0                    0                    0                    0                    0                    0                    0                    0                    0
  "BR3.BPM12L3"                          11            "monitor"            113.46033          5.595289449           1.73616875          11.15804608         -4.254648629          3.010856026          3.086652413                    0                    0                    0                    0         -2.794705043         0.8056898909                    0                    0                    0                    0                    0                    0                    0                    0                    0                    0                    0                    0                    0                    0                    0                    0
  "BR3.BPM13L3"                          12            "monitor"           123.277835          5.590517446           1.78442753            11.339021         -4.364579641          3.267977813          3.354724387                    0                    0                    0                    0         -2.796212576         0.7745097782                    0                    0                    0                    0                    0                    0                    0                    0                    0                    0                    0                    0                    0                    0                    0                    0
  "BR3.BPM14L3"                          13            "monitor"           133.095339          5.633904411          1.748925696          11.07676172         -4.227180908          3.532969773          3.616631981                    0                    0                    0                    0         -2.972974759         0.8326175699                    0                    0                    0                    0                    0                    0                    0                    0                    0                    0                    0                    0                    0                    0                    0                    0
  "BR3.BPM15L3"                          14            "monitor"           142.912834          5.552715304          1.770977283          11.41127176         -4.387293185          3.790262981          3.884016608                    0                    0                    0                    0           -2.9468665         0.8557106811                    0                    0                    0                    0                    0                    0                    0                    0                    0                    0                    0                    0                    0                    0                    0                    0
  "BR3.BPM16L3"                          15            "monitor"           152.730339          5.670137096          1.762803719          11.01611069         -4.210021574          4.054935825          4.146806371                    0                    0                    0                    0         -2.773730936          0.794388898                    0                    0                    0                    0                    0                    0                    0                    0                    0                    0                    0                    0                    0                    0                    0                    0
