@ NAME                 %s               "PSB3"
@ TYPE                 %s              "twiss"
@ TITLE                %n                  nil
@ ORIGIN               %s "MAD 1.1.14 Linux 64"
@ DATE                 %s           "31/08/26"
@ TIME                 %s           "03:02:59"
@ REFCOL               %s               "name"
@ DIRECTION            %le                    1
@ OBSERVE              %le                    1
@ ENERGY               %le          1.098272088
@ DELTAP               %le                    0
@ LENGTH               %le               157.08
@ ALFAP                %le        0.06505500006
@ Q1                   %le          4.177343136
@ Q2                   %le          4.237517622
@ Q3                   %le                    0
@ DQ1                  %le         -6.464167015
@ DQ2                  %le         -13.09385184
@ DQ3                  %le                    0
* NAME                                INDEX                 KIND                    S                 BETX                 ALFX                 BETY                 ALFY                  MUX                  MUY                    X                   PX                    Y                   PY                   DX                  DPX                   DY                  DPY                  R11                  R12                  R21                  R22                  K1L                  K2L                  K3L                  K4L                  K5L                 K1SL                 K2SL                 K3SL                 K4SL                 K5SL
$ %s                                     %d                   %s                  %le                  %le                  %le                  %le                  %le                  %le                  %le                  %le                  %le                  %le                  %le                  %le                  %le                  %le                  %le                  %le                  %le                  %le                  %le                  %le                  %le                  %le                  %le                  %le                  %le                  %le                  %le                  %le                  %le
  "BR3.BPM1L3"                            0            "monitor"             5.467797          5.601006799          1.762864863          11.22421842         -4.301106074         0.1396202458         0.1725786795                    0                    0                    0                    0         -2.878169452         0.8162492433                    0                    0                    0                    0                    0                    0                    0                    0                    0                    0                    0                    0                    0                    0                    0                    0
  "BR3.BPM2L3"                            1            "monitor"            15.285302          5.600989171          1.762861196          11.22426216         -4.301114982         0.4007043339         0.4374235972                    0                    0                    0                    0         -2.878165217         0.8162490912                    0                    0                    0                    0                    0                    0                    0                    0                    0                    0                    0                    0                    0                    0                    0                    0
  "BR3.BPM3L3"                            2            "monitor"            25.102807          5.600971542          1.762857529          11.22430471         -4.301123542         0.6617884219          0.702268524                    0                    0                    0                    0         -2.878161576         0.8162491891                    0                    0                    0                    0                    0                    0                    0                    0                    0                    0                    0                    0                    0                    0                    0                    0
  "BR3.BPM4L3"                            3            "monitor"            34.920312          5.600953914          1.762853862          11.22434793         -4.301132273           0.92287251         0.9671134437                    0                    0                    0                    0          -2.87815784         0.8162493993                    0                    0                    0                    0                    0                    0                    0                    0                    0                    0                    0                    0                    0                    0                    0                    0
  "BR3.BPM5L3"                            4            "monitor"            44.737806          5.600975068          1.762858262          11.22429618         -4.301121835          1.183956285          1.231958213                    0                    0                    0                    0         -2.878162147          0.816249268                    0                    0                    0                    0                    0                    0                    0                    0                    0                    0                    0                    0                    0                    0                    0                    0
  "BR3.BPM6L3"                            5            "monitor"            54.555311          5.600957439          1.762854595          11.22433939         -4.301130539          1.445040374          1.496803131                    0                    0                    0                    0         -2.878157652         0.8162490085                    0                    0                    0                    0                    0                    0                    0                    0                    0                    0                    0                    0                    0                    0                    0                    0
  "BR3.BPM7L3"                            6            "monitor"            64.372816          5.600939811          1.762850929           11.2243822         -4.301139184          1.706124462          1.761648057                    0                    0                    0                    0         -2.878154172         0.8162491126                    0                    0                    0                    0                    0                    0                    0                    0                    0                    0                    0                    0                    0                    0                    0                    0
  "BR3.BPM8L3"                            7            "monitor"            74.190321          5.600922182          1.762847262          11.22442519         -4.301147843           1.96720855          2.026492976                    0                    0                    0                    0         -2.878150674         0.8162494293                    0                    0                    0                    0                    0                    0                    0                    0                    0                    0                    0                    0                    0                    0                    0                    0
  "BR3.BPM9L3"                            8            "monitor"            84.007826          5.600904554          1.762843595          11.22446826         -4.301156573          2.228292638          2.291337899                    0                    0                    0                    0         -2.878145808         0.8162492769                    0                    0                    0                    0                    0                    0                    0                    0                    0                    0                    0                    0                    0                    0                    0                    0
  "BR3.BPM10L3"                           9            "monitor"             93.82532          5.600925708          1.762847995          11.22441668         -4.301146165          2.489376413          2.556182666                    0                    0                    0                    0         -2.878150381          0.816249049                    0                    0                    0                    0                    0                    0                    0                    0                    0                    0                    0                    0                    0                    0                    0                    0
  "BR3.BPM11L3"                          10            "monitor"           103.642825           5.60090808          1.762844328          11.22445952          -4.30115476          2.750460501          2.821027585                    0                    0                    0                    0         -2.878146877         0.8162491613                    0                    0                    0                    0                    0                    0                    0                    0                    0                    0                    0                    0                    0                    0                    0                    0
  "BR3.BPM12L3"                          11            "monitor"            113.46033          5.600890451          1.762840661          11.22450289         -4.301163626          3.011544589          3.085872511                    0                    0                    0                    0         -2.878143292         0.8162494454                    0                    0                    0                    0                    0                    0                    0                    0                    0                    0                    0                    0                    0                    0                    0                    0
  "BR3.BPM13L3"                          12            "monitor"           123.277835          5.600872823          1.762836994          11.22454546         -4.301172108          3.272628677           3.35071743                    0                    0                    0                    0         -2.878138462         0.8162492893                    0                    0                    0                    0                    0                    0                    0                    0                    0                    0                    0                    0                    0                    0                    0                    0
  "BR3.BPM14L3"                          13            "monitor"           133.095339           5.60085872          1.762834061          11.22458037          -4.30117928          3.533712737          3.615562341                    0                    0                    0                    0         -2.878134805          0.816249027                    0                    0                    0                    0                    0                    0                    0                    0                    0                    0                    0                    0                    0                    0                    0                    0
  "BR3.BPM15L3"                          14            "monitor"           142.912834          5.600876348          1.762837728          11.22453681          -4.30117036          3.794796541           3.88040712                    0                    0                    0                    0         -2.878139689         0.8162492196                    0                    0                    0                    0                    0                    0                    0                    0                    0                    0                    0                    0                    0                    0                    0                    0
  "BR3.BPM16L3"                          15            "monitor"           152.730339           5.60085872          1.762834061          11.22458055         -4.301179315          4.055880629          4.145252042                    0                    0                    0                    0         -2.878135738         0.8162493876                    0                    0                    0                    0                    0                    0                    0                    0                    0                    0                    0                    0                    0                    0                    0                    0
