@ NAME                 %s               "PSB3"
@ TYPE                 %s              "twiss"
@ TITLE                %n                  nil
@ ORIGIN               %s "MAD 1.1.15 Linux 64"
@ DATE                 %s           "11/09/26"
@ TIME                 %s           "23:18:43"
@ REFCOL               %s               "name"
@ DIRECTION            %le                    1
@ OBSERVE              %le                    1
@ ENERGY               %le          1.098272088
@ DELTAP               %le                    0
@ LENGTH               %le               157.08
@ ALFAP                %le        0.06482858497
@ Q1                   %le               4.1654
@ Q2                   %le          4.224300001
@ Q3                   %le                    0
@ DQ1                  %le          -6.44802131
@ DQ2                  %le         -12.94834326
@ DQ3                  %le                    0
* NAME                                INDEX                 KIND                    S                 BETX                 ALFX                 BETY                 ALFY                  MUX                  MUY                    X                   PX                    Y                   PY                   DX                  DPX                   DY                  DPY                  R11                  R12                  R21                  R22                  K1L                  K2L                  K3L                  K4L                  K5L                 K1SL                 K2SL                 K3SL                 K4SL                 K5SL
$ %s                                     %d                   %s                  %le                  %le                  %le                  %le                  %le                  %le                  %le                  %le                  %le                  %le                  %le                  %le                  %le                  %le                  %le                  %le                  %le                  %le                  %le                  %le                  %le                  %le                  %le                  %le                  %le                  %le                  %le                  %le                  %le
  "BR3.BPM1L3"                            0            "monitor"             5.467797           5.53185221          1.758003635          11.44317046         -4.380885934         0.1384703551         0.1715598878                    0                    0                    0                    0         -2.829820938         0.7788988687                    0                    0                    0                    0                    0                    0                    0                    0                    0                    0                    0                    0                    0                    0                    0                    0
  "BR3.BPM2L3"                            1            "monitor"            15.285302          5.709439074           1.77363984          10.98020942          -4.18882676         0.4022207364         0.4341560059                    0                    0                    0                    0         -3.005082806         0.8447651366                    0                    0                    0                    0                    0                    0                    0                    0                    0                    0                    0                    0                    0                    0                    0                    0
  "BR3.BPM3L3"                            2            "monitor"            25.102807          5.749778003          1.813247433           10.9807823         -4.200812556         0.6571207458         0.7023665596                    0                    0                    0                    0         -3.014460577         0.8604554176                    0                    0                    0                    0                    0                    0                    0                    0                    0                    0                    0                    0                    0                    0                    0                    0
  "BR3.BPM4L3"                            3            "monitor"            34.920312          5.483571848          1.710655403          11.44244725         -4.361644397         0.9191946052         0.9649362511                    0                    0                    0                    0         -2.860805536         0.8307382586                    0                    0                    0                    0                    0                    0                    0                    0                    0                    0                    0                    0                    0                    0                    0                    0
  "BR3.BPM5L3"                            4            "monitor"            44.737806          5.733330023           1.81419132           11.0177498         -4.221805939          1.177755904          1.230522151                    0                    0                    0                    0         -2.767268803         0.7728176882                    0                    0                    0                    0                    0                    0                    0                    0                    0                    0                    0                    0                    0                    0                    0                    0
  "BR3.BPM6L3"                            5            "monitor"            54.555311          5.504416914          1.711532933          11.39271963          -4.33645154          1.440765142          1.492050112                    0                    0                    0                    0         -2.933317694         0.8102141462                    0                    0                    0                    0                    0                    0                    0                    0                    0                    0                    0                    0                    0                    0                    0                    0
  "BR3.BPM7L3"                            6            "monitor"            64.372816          5.708428461          1.811502484          11.07880442          -4.25045424          1.698466333          1.758551854                    0                    0                    0                    0         -3.004838748         0.8631764651                    0                    0                    0                    0                    0                    0                    0                    0                    0                    0                    0                    0                    0                    0                    0                    0
  "BR3.BPM8L3"                            7            "monitor"            74.190321          5.532834462           1.71596454          11.32241425         -4.305256653          1.962239102          2.019308981                    0                    0                    0                    0         -2.829299223         0.8187580995                    0                    0                    0                    0                    0                    0                    0                    0                    0                    0                    0                    0                    0                    0                    0                    0
  "BR3.BPM9L3"                            8            "monitor"            84.007826          5.676854129          1.805376876          11.15659073         -4.283328002          2.219279983             2.286405                    0                    0                    0                    0         -2.781043659         0.7716849604                    0                    0                    0                    0                    0                    0                    0                    0                    0                    0                    0                    0                    0                    0                    0                    0
  "BR3.BPM10L3"                           9            "monitor"             93.82532          5.566908058          1.723655173          11.23972749         -4.271740221          2.483591086          2.546754532                    0                    0                    0                    0         -2.962981124         0.8223445591                    0                    0                    0                    0                    0                    0                    0                    0                    0                    0                    0                    0                    0                    0                    0                    0
  "BR3.BPM11L3"                          10            "monitor"           103.642825          5.640854584          1.796251077          11.24175693         -4.316493599          2.740218281          2.814053407                    0                    0                    0                    0         -2.987106847         0.8627009521                    0                    0                    0                    0                    0                    0                    0                    0                    0                    0                    0                    0                    0                    0                    0                    0
  "BR3.BPM12L3"                          11            "monitor"            113.46033          5.604176819           1.73405078          11.15469749         -4.239932687          3.004806164           3.07440798                    0                    0                    0                    0         -2.801971245         0.8066907954                    0                    0                    0                    0                    0                    0                    0                    0                    0                    0                    0                    0                    0                    0                    0                    0
  "BR3.BPM13L3"                          12            "monitor"           123.277835          5.602871112          1.784747525          11.32434527           -4.3460381          3.261295424          3.341494447                    0                    0                    0                    0         -2.802383167         0.7737604732                    0                    0                    0                    0                    0                    0                    0                    0                    0                    0                    0                    0                    0                    0                    0                    0
  "BR3.BPM14L3"                          13            "monitor"           133.095339          5.642070407          1.746431636          11.07736117          -4.21360472          3.525878465          3.602265625                    0                    0                    0                    0         -2.987455691         0.8341366782                    0                    0                    0                    0                    0                    0                    0                    0                    0                    0                    0                    0                    0                    0                    0                    0
  "BR3.BPM15L3"                          14            "monitor"           142.912834          5.565639071          1.771687476          11.39433637         -4.368405275          3.782514981           3.86874925                    0                    0                    0                    0         -2.962505751         0.8590620551                    0                    0                    0                    0                    0                    0                    0                    0                    0                    0                    0                    0                    0                    0                    0                    0
  "BR3.BPM16L3"                          15            "monitor"           152.730339          5.677962017          1.759936312           11.0168745          -4.19588136          4.046812288           4.13029876                    0                    0                    0                    0         -2.780734231         0.7953810657                    0                    0                    0                    0                    0                    0                    0                    0                    0                    0                    0                    0                    0                    0                    0                    0
