@ NAME                 %s               "PSB3"
@ TYPE                 %s              "twiss"
@ TITLE                %n                  nil
@ ORIGIN               %s "MAD 1.1.15 Linux 64"
@ DATE                 %s           "11/09/26"
@ TIME                 %s           "23:18:43"
@ REFCOL               %s               "name"
@ DIRECTION            %le                    1
@ OBSERVE              %le                    1
@ ENERGY               %le          1.098272088
@ DELTAP               %le                    0
@ LENGTH               %le               157.08
@ ALFAP                %le         0.0652521978
@ Q1                   %le           4.16893564
@ Q2                   %le          4.220838892
@ Q3                   %le                    0
@ DQ1                  %le         -6.446738396
@ DQ2                  %le          -12.9570338
@ DQ3                  %le                    0
* NAME                                INDEX                 KIND                    S                 BETX                 ALFX                 BETY                 ALFY                  MUX                  MUY                    X                   PX                    Y                   PY                   DX                  DPX                   DY                  DPY                  R11                  R12                  R21                  R22                  K1L                  K2L                  K3L                  K4L                  K5L                 K1SL                 K2SL                 K3SL                 K4SL                 K5SL
$ %s                                     %d                   %s                  %le                  %le                  %le                  %le                  %le                  %le                  %le                  %le                  %le                  %le                  %le                  %le                  %le                  %le                  %le                  %le                  %le                  %le                  %le                  %le                  %le                  %le                  %le                  %le                  %le                  %le                  %le                  %le                  %le
  "BR3.BPM1L3"                            0            "monitor"             5.467797          5.611335441          1.761846131          11.21634323         -4.284843354         0.1393387048         0.1717380245                    0                    0                    0                    0         -2.889003759         0.8175132729                    0                    0                    0                    0                    0                    0                    0                    0                    0                    0                    0                    0                    0                    0                    0                    0
  "BR3.BPM2L3"                            1            "monitor"            15.285302          5.611317823          1.761842475          11.21638681         -4.284852208         0.3998973241         0.4355405217                    0                    0                    0                    0         -2.888999499         0.8175131094                    0                    0                    0                    0                    0                    0                    0                    0                    0                    0                    0                    0                    0                    0                    0                    0
  "BR3.BPM3L3"                            2            "monitor"            25.102807          5.611300205          1.761838818          11.21642919         -4.284860705         0.6604559435         0.6993430279                    0                    0                    0                    0         -2.888995885         0.8175132145                    0                    0                    0                    0                    0                    0                    0                    0                    0                    0                    0                    0                    0                    0                    0                    0
  "BR3.BPM4L3"                            3            "monitor"            34.920312          5.611282586          1.761835161          11.21647227         -4.284869391         0.9210145628          0.963145527                    0                    0                    0                    0          -2.88899216         0.8175134359                    0                    0                    0                    0                    0                    0                    0                    0                    0                    0                    0                    0                    0                    0                    0                    0
  "BR3.BPM5L3"                            4            "monitor"            44.737806          5.611303728          1.761839549          11.21642069         -4.284859007           1.18157287          1.226947875                    0                    0                    0                    0          -2.88899644          0.817513297                    0                    0                    0                    0                    0                    0                    0                    0                    0                    0                    0                    0                    0                    0                    0                    0
  "BR3.BPM6L3"                            5            "monitor"            54.555311           5.61128611          1.761835892          11.21646377          -4.28486767          1.442131489          1.490750373                    0                    0                    0                    0         -2.888991922         0.8175130267                    0                    0                    0                    0                    0                    0                    0                    0                    0                    0                    0                    0                    0                    0                    0                    0
  "BR3.BPM7L3"                            6            "monitor"            64.372816          5.611268492          1.761832235          11.21650637         -4.284876242          1.702690109          1.754552878                    0                    0                    0                    0          -2.88898847         0.8175131383                    0                    0                    0                    0                    0                    0                    0                    0                    0                    0                    0                    0                    0                    0                    0                    0
  "BR3.BPM8L3"                            7            "monitor"            74.190321          5.611250873          1.761828578          11.21654925         -4.284884863          1.963248728          2.018355377                    0                    0                    0                    0         -2.888984982         0.8175134655                    0                    0                    0                    0                    0                    0                    0                    0                    0                    0                    0                    0                    0                    0                    0                    0
  "BR3.BPM9L3"                            8            "monitor"            84.007826          5.611233255          1.761824921          11.21659211         -4.284893518          2.223807347           2.28215788                    0                    0                    0                    0         -2.888980077         0.8175133062                    0                    0                    0                    0                    0                    0                    0                    0                    0                    0                    0                    0                    0                    0                    0                    0
  "BR3.BPM10L3"                           9            "monitor"             93.82532          5.611254397          1.761829309          11.21654077         -4.284883195          2.484365655          2.545960226                    0                    0                    0                    0         -2.888984641         0.8175130676                    0                    0                    0                    0                    0                    0                    0                    0                    0                    0                    0                    0                    0                    0                    0                    0
  "BR3.BPM11L3"                          10            "monitor"           103.642825          5.611236779          1.761825652           11.2165834         -4.284891721          2.744924274          2.809762725                    0                    0                    0                    0         -2.888981163         0.8175131868                    0                    0                    0                    0                    0                    0                    0                    0                    0                    0                    0                    0                    0                    0                    0                    0
  "BR3.BPM12L3"                          11            "monitor"            113.46033           5.61121916          1.761821995          11.21662664         -4.284900539          3.005482893           3.07356523                    0                    0                    0                    0         -2.888977588         0.8175134813                    0                    0                    0                    0                    0                    0                    0                    0                    0                    0                    0                    0                    0                    0                    0                    0
  "BR3.BPM13L3"                          12            "monitor"           123.277835          5.611201542          1.761818338          11.21666903          -4.28490896          3.266041513          3.337367729                    0                    0                    0                    0          -2.88897272         0.8175133187                    0                    0                    0                    0                    0                    0                    0                    0                    0                    0                    0                    0                    0                    0                    0                    0
  "BR3.BPM14L3"                          13            "monitor"           133.095339          5.611187448          1.761815413          11.21670383         -4.284916087          3.526600104          3.601170218                    0                    0                    0                    0          -2.88896904         0.8175130458                    0                    0                    0                    0                    0                    0                    0                    0                    0                    0                    0                    0                    0                    0                    0                    0
  "BR3.BPM15L3"                          14            "monitor"           142.912834          5.611205066           1.76181907          11.21666042         -4.284907227          3.787158439          3.864972577                    0                    0                    0                    0         -2.888973963         0.8175132445                    0                    0                    0                    0                    0                    0                    0                    0                    0                    0                    0                    0                    0                    0                    0                    0
  "BR3.BPM16L3"                          15            "monitor"           152.730339          5.611187448          1.761815413          11.21670399         -4.284916121          4.047717059          4.128775078                    0                    0                    0                    0         -2.888970024         0.8175134238                    0                    0                    0                    0                    0                    0                    0                    0                    0                    0                    0                    0                    0                    0                    0                    0
