@ NAME                 %s               "PSB3"
@ TYPE                 %s              "twiss"
@ TITLE                %n                  nil
@ ORIGIN               %s "MAD 1.1.15 Linux 64"
@ DATE                 %s           "13/09/26"
@ TIME                 %s           "10:40:51"
@ REFCOL               %s               "name"
@ DIRECTION            %le                    1
@ OBSERVE              %le                    1
@ ENERGY               %le          1.098272088
@ DELTAP               %le                    0
@ LENGTH               %le               157.08
@ ALFAP                %le        0.06287783052
@ Q1                   %le               4.2294
@ Q2                   %le          4.131600001
@ Q3                   %le                    0
@ DQ1                  %le         -6.497809682
@ DQ2                  %le         -12.80449384
@ DQ3                  %le                    0
* NAME                                INDEX                 KIND                    S                 BETX                 ALFX                 BETY                 ALFY                  MUX                  MUY                    X                   PX                    Y                   PY                   DX                  DPX                   DY                  DPY                  R11                  R12                  R21                  R22                  K1L                  K2L                  K3L                  K4L                  K5L                 K1SL                 K2SL                 K3SL                 K4SL                 K5SL
$ %s                                     %d                   %s                  %le                  %le                  %le                  %le                  %le                  %le                  %le                  %le                  %le                  %le                  %le                  %le                  %le                  %le                  %le                  %le                  %le                  %le                  %le                  %le                  %le                  %le                  %le                  %le                  %le                  %le                  %le                  %le                  %le
  "BR3.BPM1L3"                            0            "monitor"             5.467797          5.459853074          1.726903075          11.47567267         -4.392506243         0.1419538203         0.1688555128                    0                    0                    0                    0         -2.780292736         0.7679370961                    0                    0                    0                    0                    0                    0                    0                    0                    0                    0                    0                    0                    0                    0                    0                    0
  "BR3.BPM2L3"                            1            "monitor"            15.285302          5.670263765           1.76959857          11.03339877         -4.177945472         0.4083709621         0.4231848152                    0                    0                    0                    0         -2.899845933         0.8174680392                    0                    0                    0                    0                    0                    0                    0                    0                    0                    0                    0                    0                    0                    0                    0                    0
  "BR3.BPM3L3"                            2            "monitor"            25.102807          5.682950819          1.782098728          11.03365912          -4.22227193         0.6687289952         0.6882637967                    0                    0                    0                    0         -2.902246234         0.8215028244                    0                    0                    0                    0                    0                    0                    0                    0                    0                    0                    0                    0                    0                    0                    0                    0
  "BR3.BPM4L3"                            3            "monitor"            34.920312          5.435831998           1.70330181          11.47556585         -4.344254995         0.9333897964         0.9425903497                    0                    0                    0                    0         -2.804076112         0.8078707279                    0                    0                    0                    0                    0                    0                    0                    0                    0                    0                    0                    0                    0                    0                    0                    0
  "BR3.BPM5L3"                            4            "monitor"            44.737806          5.677573331          1.788478466          11.08817081         -4.246730546              1.19721          1.204566933                    0                    0                    0                    0         -2.717987937         0.7616934719                    0                    0                    0                    0                    0                    0                    0                    0                    0                    0                    0                    0                    0                    0                    0                    0
  "BR3.BPM6L3"                            5            "monitor"            54.555311          5.449283825          1.699766136          11.41712052         -4.318806966             1.463129          1.458342748                    0                    0                    0                    0         -2.831878049         0.7837614896                    0                    0                    0                    0                    0                    0                    0                    0                    0                    0                    0                    0                    0                    0                    0                    0
  "BR3.BPM7L3"                            6            "monitor"            64.372816          5.656470666          1.789046834          11.15001826         -4.272922716          1.725758542          1.720784693                    0                    0                    0                    0         -2.897159713         0.8259071386                    0                    0                    0                    0                    0                    0                    0                    0                    0                    0                    0                    0                    0                    0                    0                    0
  "BR3.BPM8L3"                            7            "monitor"            74.190321          5.477232041          1.702163071          11.35274277         -4.292185007          1.992754511          1.974180619                    0                    0                    0                    0         -2.771335339         0.7961397254                    0                    0                    0                    0                    0                    0                    0                    0                    0                    0                    0                    0                    0                    0                    0                    0
  "BR3.BPM9L3"                            8            "monitor"            84.007826          5.622471311          1.783735746          11.21661724         -4.299773834           2.25444798          2.236909129                    0                    0                    0                    0         -2.729031805         0.7594321957                    0                    0                    0                    0                    0                    0                    0                    0                    0                    0                    0                    0                    0                    0                    0                    0
  "BR3.BPM10L3"                           9            "monitor"             93.82532          5.516046984          1.710190016           11.2848443         -4.265426217          2.522197702          2.490111252                    0                    0                    0                    0         -2.862584408         0.7959056689                    0                    0                    0                    0                    0                    0                    0                    0                    0                    0                    0                    0                    0                    0                    0                    0
  "BR3.BPM11L3"                          10            "monitor"           103.642825          5.580110864          1.773255554          11.28518911         -4.326182027          2.783334824          2.752936276                    0                    0                    0                    0         -2.880482295         0.8259498946                    0                    0                    0                    0                    0                    0                    0                    0                    0                    0                    0                    0                    0                    0                    0                    0
  "BR3.BPM12L3"                          11            "monitor"            113.46033          5.560515344          1.722768731          11.21635195         -4.239647465          3.051417269          3.006138988                    0                    0                    0                    0         -2.743660322         0.7839877999                    0                    0                    0                    0                    0                    0                    0                    0                    0                    0                    0                    0                    0                    0                    0                    0
  "BR3.BPM13L3"                          12            "monitor"           123.277835          5.534919577           1.75897746          11.35315718         -4.351120324          3.312452032          3.268866642                    0                    0                    0                    0         -2.750749551         0.7616095045                    0                    0                    0                    0                    0                    0                    0                    0                    0                    0                    0                    0                    0                    0                    0                    0
  "BR3.BPM14L3"                          13            "monitor"           133.095339           5.60478636           1.73824153          11.14992932         -4.215868843          3.580401784          3.522263833                    0                    0                    0                    0         -2.886268127         0.8076598251                    0                    0                    0                    0                    0                    0                    0                    0                    0                    0                    0                    0                    0                    0                    0                    0
  "BR3.BPM15L3"                          14            "monitor"           142.912834          5.492953152          1.742807001          11.41759202         -4.373544787          3.841801568          3.784703964                    0                    0                    0                    0         -2.854420945          0.821625321                    0                    0                    0                    0                    0                    0                    0                    0                    0                    0                    0                    0                    0                    0                    0                    0
  "BR3.BPM16L3"                          15            "monitor"           152.730339          5.643023173          1.754564953          11.08819248         -4.195036967          4.109170931          4.038481846                    0                    0                    0                    0         -2.724713884         0.7730236165                    0                    0                    0                    0                    0                    0                    0                    0                    0                    0                    0                    0                    0                    0                    0                    0
