@ NAME                 %s               "PSB3"
@ TYPE                 %s              "twiss"
@ TITLE                %n                  nil
@ ORIGIN               %s "MAD 1.1.15 Linux 64"
@ DATE                 %s           "14/09/26"
@ TIME                 %s           "11:28:50"
@ REFCOL               %s               "name"
@ DIRECTION            %le                    1
@ OBSERVE              %le                    1
@ ENERGY               %le          1.098272088
@ DELTAP               %le                    0
@ LENGTH               %le               157.08
@ ALFAP                %le        0.06320906201
@ Q1                   %le          4.232929123
@ Q2                   %le          4.128082339
@ Q3                   %le                    0
@ DQ1                  %le         -6.496963958
@ DQ2                  %le         -12.81023248
@ DQ3                  %le                    0
* NAME                                INDEX                 KIND                    S                 BETX                 ALFX                 BETY                 ALFY                  MUX                  MUY                    X                   PX                    Y                   PY                   DX                  DPX                   DY                  DPY                  R11                  R12                  R21                  R22                  K1L                  K2L                  K3L                  K4L                  K5L                 K1SL                 K2SL                 K3SL                 K4SL                 K5SL
$ %s                                     %d                   %s                  %le                  %le                  %le                  %le                  %le                  %le                  %le                  %le                  %le                  %le                  %le                  %le                  %le                  %le                  %le                  %le                  %le                  %le                  %le                  %le                  %le                  %le                  %le                  %le                  %le                  %le                  %le                  %le                  %le
  "BR3.BPM1L3"                            0            "monitor"             5.467797          5.557731992          1.744214077          11.26242181         -4.287243116         0.1418751567         0.1672584196                    0                    0                    0                    0         -2.809619225         0.7929601272                    0                    0                    0                    0                    0                    0                    0                    0                    0                    0                    0                    0                    0                    0                    0                    0
  "BR3.BPM2L3"                            1            "monitor"            15.285302           5.55771455           1.74421044          11.26246561          -4.28725201           0.40643337         0.4252636317                    0                    0                    0                    0         -2.809615197         0.7929600319                    0                    0                    0                    0                    0                    0                    0                    0                    0                    0                    0                    0                    0                    0                    0                    0
  "BR3.BPM3L3"                            2            "monitor"            25.102807          5.557697108          1.744206803          11.26250778         -4.287260395         0.6709915834         0.6832688531                    0                    0                    0                    0         -2.809611507          0.792960093                    0                    0                    0                    0                    0                    0                    0                    0                    0                    0                    0                    0                    0                    0                    0                    0
  "BR3.BPM4L3"                            3            "monitor"            34.920312          5.557679665          1.744203167          11.26255115         -4.287269154         0.9355497967         0.9412740673                    0                    0                    0                    0         -2.809607806         0.7929602481                    0                    0                    0                    0                    0                    0                    0                    0                    0                    0                    0                    0                    0                    0                    0                    0
  "BR3.BPM5L3"                            4            "monitor"            44.737806          5.557700596          1.744207531          11.26249925         -4.287258694          1.200107695          1.199279132                    0                    0                    0                    0          -2.80961214         0.7929601556                    0                    0                    0                    0                    0                    0                    0                    0                    0                    0                    0                    0                    0                    0                    0                    0
  "BR3.BPM6L3"                            5            "monitor"            54.555311          5.557683154          1.744203894          11.26254268         -4.287267448          1.464665908          1.457284344                    0                    0                    0                    0         -2.809607839         0.7929599495                    0                    0                    0                    0                    0                    0                    0                    0                    0                    0                    0                    0                    0                    0                    0                    0
  "BR3.BPM7L3"                            6            "monitor"            64.372816          5.557665712          1.744200258          11.26258494         -4.287275867          1.729224122          1.715289565                    0                    0                    0                    0         -2.809604311         0.7929600148                    0                    0                    0                    0                    0                    0                    0                    0                    0                    0                    0                    0                    0                    0                    0                    0
  "BR3.BPM8L3"                            7            "monitor"            74.190321           5.55764827          1.744196621          11.26262822         -4.287284595          1.993782335          1.973294779                    0                    0                    0                    0         -2.809600854           0.79296028                    0                    0                    0                    0                    0                    0                    0                    0                    0                    0                    0                    0                    0                    0                    0                    0
  "BR3.BPM9L3"                            8            "monitor"            84.007826          5.557630828          1.744192984          11.26267072         -4.287293091          2.258340548          2.231299997                    0                    0                    0                    0         -2.809596258         0.7929601632                    0                    0                    0                    0                    0                    0                    0                    0                    0                    0                    0                    0                    0                    0                    0                    0
  "BR3.BPM10L3"                           9            "monitor"             93.82532          5.557651758          1.744197348          11.26261973         -4.287282925          2.522898447          2.489305058                    0                    0                    0                    0         -2.809600773         0.7929599873                    0                    0                    0                    0                    0                    0                    0                    0                    0                    0                    0                    0                    0                    0                    0                    0
  "BR3.BPM11L3"                          10            "monitor"           103.642825          5.557634316          1.744193712          11.26266205         -4.287291313           2.78745666          2.747310273                    0                    0                    0                    0         -2.809597232         0.7929600652                    0                    0                    0                    0                    0                    0                    0                    0                    0                    0                    0                    0                    0                    0                    0                    0
  "BR3.BPM12L3"                          11            "monitor"            113.46033          5.557616874          1.744190075           11.2627056         -4.287300197          3.052014873          3.005315492                    0                    0                    0                    0         -2.809593684         0.7929602978                    0                    0                    0                    0                    0                    0                    0                    0                    0                    0                    0                    0                    0                    0                    0                    0
  "BR3.BPM13L3"                          12            "monitor"           123.277835          5.557599433          1.744186438          11.26274777         -4.287308519          3.316573087          3.263320708                    0                    0                    0                    0         -2.809589118         0.7929601743                    0                    0                    0                    0                    0                    0                    0                    0                    0                    0                    0                    0                    0                    0                    0                    0
  "BR3.BPM14L3"                          13            "monitor"           133.095339          5.557585479          1.744183529          11.26278278         -4.287315683          3.581131272          3.521325911                    0                    0                    0                    0         -2.809585639         0.7929599643                    0                    0                    0                    0                    0                    0                    0                    0                    0                    0                    0                    0                    0                    0                    0                    0
  "BR3.BPM15L3"                          14            "monitor"           142.912834          5.557602921          1.744187166          11.26273919         -4.287306802          3.845689198          3.779330986                    0                    0                    0                    0         -2.809590262         0.7929601262                    0                    0                    0                    0                    0                    0                    0                    0                    0                    0                    0                    0                    0                    0                    0                    0
  "BR3.BPM16L3"                          15            "monitor"           152.730339          5.557585479          1.744183529          11.26278293         -4.287315712          4.110247412          4.037336202                    0                    0                    0                    0         -2.809586333         0.7929602388                    0                    0                    0                    0                    0                    0                    0                    0                    0                    0                    0                    0                    0                    0                    0                    0
