@ NAME                 %s               "PSB3"
@ TYPE                 %s              "twiss"
@ TITLE                %n                  nil
@ ORIGIN               %s "MAD 1.1.15 Linux 64"
@ DATE                 %s           "13/09/26"
@ TIME                 %s           "10:42:59"
@ REFCOL               %s               "name"
@ DIRECTION            %le                    1
@ OBSERVE              %le                    1
@ ENERGY               %le          1.098272088
@ DELTAP               %le                    0
@ LENGTH               %le               157.08
@ ALFAP                %le         0.0626975834
@ Q1                   %le               4.2347
@ Q2                   %le          4.139500001
@ Q3                   %le                    0
@ DQ1                  %le         -6.507872874
@ DQ2                  %le         -12.84460229
@ DQ3                  %le                    0
* NAME                                INDEX                 KIND                    S                 BETX                 ALFX                 BETY                 ALFY                  MUX                  MUY                    X                   PX                    Y                   PY                   DX                  DPX                   DY                  DPY                  R11                  R12                  R21                  R22                  K1L                  K2L                  K3L                  K4L                  K5L                 K1SL                 K2SL                 K3SL                 K4SL                 K5SL
$ %s                                     %d                   %s                  %le                  %le                  %le                  %le                  %le                  %le                  %le                  %le                  %le                  %le                  %le                  %le                  %le                  %le                  %le                  %le                  %le                  %le                  %le                  %le                  %le                  %le                  %le                  %le                  %le                  %le                  %le                  %le                  %le
  "BR3.BPM1L3"                            0            "monitor"             5.467797          5.453660087          1.726520555          11.47678216         -4.397974131         0.1422032761         0.1690195188                    0                    0                    0                    0          -2.77594874         0.7681525406                    0                    0                    0                    0                    0                    0                    0                    0                    0                    0                    0                    0                    0                    0                    0                    0
  "BR3.BPM2L3"                            1            "monitor"            15.285302          5.663898136          1.770708334          11.03922537         -4.189330547         0.4088327953         0.4241960257                    0                    0                    0                    0         -2.890641966         0.8161194924                    0                    0                    0                    0                    0                    0                    0                    0                    0                    0                    0                    0                    0                    0                    0                    0
  "BR3.BPM3L3"                            2            "monitor"            25.102807          5.674452929          1.781111906          11.03965227         -4.229241889         0.6696781985         0.6893562268                    0                    0                    0                    0         -2.892602933         0.8194169943                    0                    0                    0                    0                    0                    0                    0                    0                    0                    0                    0                    0                    0                    0                    0                    0
  "BR3.BPM4L3"                            3            "monitor"            34.920312           5.43161157          1.704856593          11.47648843         -4.353932072         0.9345639207          0.944527411                    0                    0                    0                    0         -2.799017367         0.8068869667                    0                    0                    0                    0                    0                    0                    0                    0                    0                    0                    0                    0                    0                    0                    0                    0
  "BR3.BPM5L3"                            4            "monitor"            44.737806          5.670277502           1.78793484          11.09243162         -4.253263634          1.198810533          1.206669571                    0                    0                    0                    0         -2.714470883         0.7619578091                    0                    0                    0                    0                    0                    0                    0                    0                    0                    0                    0                    0                    0                    0                    0                    0
  "BR3.BPM6L3"                            5            "monitor"            54.555311           5.44412098          1.700933803          11.41931233          -4.32875888          1.464967635          1.461261141                    0                    0                    0                    0          -2.82384219         0.7828803438                    0                    0                    0                    0                    0                    0                    0                    0                    0                    0                    0                    0                    0                    0                    0                    0
  "BR3.BPM7L3"                            6            "monitor"            64.372816          5.649845158          1.788815364          11.15341191         -4.279313237          1.728007186          1.723894263                    0                    0                    0                    0         -2.887958317         0.8239011961                    0                    0                    0                    0                    0                    0                    0                    0                    0                    0                    0                    0                    0                    0                    0                    0
  "BR3.BPM8L3"                            7            "monitor"            74.190321           5.47166238          1.703105283          11.35547013         -4.302179608          1.995258737          1.978084348                    0                    0                    0                    0         -2.766602229         0.7953162121                    0                    0                    0                    0                    0                    0                    0                    0                    0                    0                    0                    0                    0                    0                    0                    0
  "BR3.BPM9L3"                            8            "monitor"            84.007826          5.616017371          1.783638772           11.2197303         -4.306187798          2.257345969           2.24102071                    0                    0                    0                    0         -2.725146524         0.7596349099                    0                    0                    0                    0                    0                    0                    0                    0                    0                    0                    0                    0                    0                    0                    0                    0
  "BR3.BPM10L3"                           9            "monitor"             93.82532          5.510495415          1.711085305          11.28768059         -4.275366383          2.525364231          2.495005635                    0                    0                    0                    0         -2.854246275          0.794885077                    0                    0                    0                    0                    0                    0                    0                    0                    0                    0                    0                    0                    0                    0                    0                    0
  "BR3.BPM11L3"                          10            "monitor"           103.642825          5.573508727          1.773128474          11.28827839         -4.332646204          2.786886912          2.758044048                    0                    0                    0                    0         -2.871579415         0.8239817273                    0                    0                    0                    0                    0                    0                    0                    0                    0                    0                    0                    0                    0                    0                    0                    0
  "BR3.BPM12L3"                          11            "monitor"            113.46033          5.555172576          1.723754184          11.21921547         -4.249576439          3.055240097          3.012029971                    0                    0                    0                    0         -2.739242234          0.783296501                    0                    0                    0                    0                    0                    0                    0                    0                    0                    0                    0                    0                    0                    0                    0                    0
  "BR3.BPM13L3"                          12            "monitor"           123.277835          5.528122848          1.758722377          11.35612787         -4.357523351          3.316664759           3.27496467                    0                    0                    0                    0         -2.746620606         0.7617996745                    0                    0                    0                    0                    0                    0                    0                    0                    0                    0                    0                    0                    0                    0                    0                    0
  "BR3.BPM14L3"                          13            "monitor"           133.095339          5.599548605          1.739366653          11.15308992         -4.225963079          3.584874428          3.529157225                    0                    0                    0                    0         -2.877571258         0.8065004164                    0                    0                    0                    0                    0                    0                    0                    0                    0                    0                    0                    0                    0                    0                    0                    0
  "BR3.BPM15L3"                          14            "monitor"           142.912834           5.48621187          1.742428922          11.42000497         -4.379649709          3.846681007           3.79178696                    0                    0                    0                    0         -2.845731389         0.8196473348                    0                    0                    0                    0                    0                    0                    0                    0                    0                    0                    0                    0                    0                    0                    0                    0
  "BR3.BPM16L3"                          15            "monitor"           152.730339          5.637507711          1.755767547          11.09224864         -4.205587824          4.114288704          4.046382535                    0                    0                    0                    0         -2.720721759         0.7724907366                    0                    0                    0                    0                    0                    0                    0                    0                    0                    0                    0                    0                    0                    0                    0                    0
