@ NAME                 %s               "PSB3"
@ TYPE                 %s              "twiss"
@ TITLE                %n                  nil
@ ORIGIN               %s "MAD 1.1.15 Linux 64"
@ DATE                 %s           "13/09/26"
@ TIME                 %s           "10:42:59"
@ REFCOL               %s               "name"
@ DIRECTION            %le                    1
@ OBSERVE              %le                    1
@ ENERGY               %le          1.098272088
@ DELTAP               %le                    0
@ LENGTH               %le               157.08
@ ALFAP                %le        0.06301795966
@ Q1                   %le          4.238182863
@ Q2                   %le          4.136037971
@ Q3                   %le                    0
@ DQ1                  %le         -6.507058529
@ DQ2                  %le         -12.85088185
@ DQ3                  %le                    0
* NAME                                INDEX                 KIND                    S                 BETX                 ALFX                 BETY                 ALFY                  MUX                  MUY                    X                   PX                    Y                   PY                   DX                  DPX                   DY                  DPY                  R11                  R12                  R21                  R22                  K1L                  K2L                  K3L                  K4L                  K5L                 K1SL                 K2SL                 K3SL                 K4SL                 K5SL
$ %s                                     %d                   %s                  %le                  %le                  %le                  %le                  %le                  %le                  %le                  %le                  %le                  %le                  %le                  %le                  %le                  %le                  %le                  %le                  %le                  %le                  %le                  %le                  %le                  %le                  %le                  %le                  %le                  %le                  %le                  %le                  %le
  "BR3.BPM1L3"                            0            "monitor"             5.467797          5.551751017          1.744628575          11.26597524         -4.295657124         0.1420565563         0.1676558138                    0                    0                    0                    0         -2.803158608         0.7920711576                    0                    0                    0                    0                    0                    0                    0                    0                    0                    0                    0                    0                    0                    0                    0                    0
  "BR3.BPM2L3"                            1            "monitor"            15.285302          5.551733571          1.744624933          11.26601908         -4.295666036         0.4069431286         0.4261582529                    0                    0                    0                    0         -2.803154592         0.7920710664                    0                    0                    0                    0                    0                    0                    0                    0                    0                    0                    0                    0                    0                    0                    0                    0
  "BR3.BPM3L3"                            2            "monitor"            25.102807          5.551716124          1.744621291          11.26606138         -4.295674463         0.6718297009         0.6846607013                    0                    0                    0                    0         -2.803150894         0.7920711248                    0                    0                    0                    0                    0                    0                    0                    0                    0                    0                    0                    0                    0                    0                    0                    0
  "BR3.BPM4L3"                            3            "monitor"            34.920312          5.551698678          1.744617649          11.26610479         -4.295683238         0.9367162732         0.9431631425                    0                    0                    0                    0         -2.803147192         0.7920712761                    0                    0                    0                    0                    0                    0                    0                    0                    0                    0                    0                    0                    0                    0                    0                    0
  "BR3.BPM5L3"                            4            "monitor"            44.737806          5.551719614           1.74462202          11.26605283         -4.295672757           1.20160253          1.201665434                    0                    0                    0                    0         -2.803151532         0.7920711864                    0                    0                    0                    0                    0                    0                    0                    0                    0                    0                    0                    0                    0                    0                    0                    0
  "BR3.BPM6L3"                            5            "monitor"            54.555311          5.551702167          1.744618378           11.2660963         -4.295681526          1.466489102          1.460167874                    0                    0                    0                    0         -2.803147241         0.7920709839                    0                    0                    0                    0                    0                    0                    0                    0                    0                    0                    0                    0                    0                    0                    0                    0
  "BR3.BPM7L3"                            6            "monitor"            64.372816          5.551684721          1.744614736          11.26613869         -4.295689988          1.731375675          1.718670321                    0                    0                    0                    0         -2.803143706         0.7920710465                    0                    0                    0                    0                    0                    0                    0                    0                    0                    0                    0                    0                    0                    0                    0                    0
  "BR3.BPM8L3"                            7            "monitor"            74.190321          5.551667275          1.744611094          11.26618201         -4.295698731          1.996262247          1.977172762                    0                    0                    0                    0         -2.803140248         0.7920713082                    0                    0                    0                    0                    0                    0                    0                    0                    0                    0                    0                    0                    0                    0                    0                    0
  "BR3.BPM9L3"                            8            "monitor"            84.007826          5.551649829          1.744607452          11.26622464         -4.295707272          2.261148819          2.235675207                    0                    0                    0                    0         -2.803135668         0.7920711937                    0                    0                    0                    0                    0                    0                    0                    0                    0                    0                    0                    0                    0                    0                    0                    0
  "BR3.BPM10L3"                           9            "monitor"             93.82532          5.551670764          1.744611823           11.2661735         -4.295697055          2.526035076          2.494177495                    0                    0                    0                    0         -2.803140183         0.7920710213                    0                    0                    0                    0                    0                    0                    0                    0                    0                    0                    0                    0                    0                    0                    0                    0
  "BR3.BPM11L3"                          10            "monitor"           103.642825          5.551653318          1.744608181          11.26621595         -4.295705487          2.790921648          2.752679937                    0                    0                    0                    0         -2.803136636         0.7920710971                    0                    0                    0                    0                    0                    0                    0                    0                    0                    0                    0                    0                    0                    0                    0                    0
  "BR3.BPM12L3"                          11            "monitor"            113.46033          5.551635872          1.744604539          11.26625954         -4.295714387          3.055808221          3.011182383                    0                    0                    0                    0         -2.803133087         0.7920713263                    0                    0                    0                    0                    0                    0                    0                    0                    0                    0                    0                    0                    0                    0                    0                    0
  "BR3.BPM13L3"                          12            "monitor"           123.277835          5.551618426          1.744600897          11.26630184          -4.29572275          3.320694793          3.269684826                    0                    0                    0                    0         -2.803128535         0.7920712048                    0                    0                    0                    0                    0                    0                    0                    0                    0                    0                    0                    0                    0                    0                    0                    0
  "BR3.BPM14L3"                          13            "monitor"           133.095339          5.551604469          1.744597984          11.26633688         -4.295729928          3.585581336          3.528187256                    0                    0                    0                    0         -2.803125066         0.7920709982                    0                    0                    0                    0                    0                    0                    0                    0                    0                    0                    0                    0                    0                    0                    0                    0
  "BR3.BPM15L3"                          14            "monitor"           142.912834          5.551621915          1.744601625          11.26629323         -4.295721026          3.850467622          3.786689558                    0                    0                    0                    0         -2.803129674         0.7920711583                    0                    0                    0                    0                    0                    0                    0                    0                    0                    0                    0                    0                    0                    0                    0                    0
  "BR3.BPM16L3"                          15            "monitor"           152.730339          5.551604469          1.744597984          11.26633703         -4.295729958          4.115354194          4.045192001                    0                    0                    0                    0         -2.803125743          0.792071267                    0                    0                    0                    0                    0                    0                    0                    0                    0                    0                    0                    0                    0                    0                    0                    0
