@ NAME                 %s               "PSB3"
@ TYPE                 %s              "twiss"
@ TITLE                %n                  nil
@ ORIGIN               %s "MAD 1.1.14 Linux 64"
@ DATE                 %s           "31/08/26"
@ TIME                 %s           "10:16:04"
@ REFCOL               %s               "name"
@ DIRECTION            %le                    1
@ OBSERVE              %le                    1
@ ENERGY               %le          1.098272088
@ DELTAP               %le                    0
@ LENGTH               %le               157.08
@ ALFAP                %le        0.06316817912
@ Q1                   %le          4.234013271
@ Q2                   %le          4.127497322
@ Q3                   %le                    0
@ DQ1                  %le         -6.498153187
@ DQ2                  %le         -12.86804827
@ DQ3                  %le                    0
* NAME                                INDEX                 KIND                    S                 BETX                 ALFX                 BETY                 ALFY                  MUX                  MUY                    X                   PX                    Y                   PY                   DX                  DPX                   DY                  DPY                  R11                  R12                  R21                  R22                  K1L                  K2L                  K3L                  K4L                  K5L                 K1SL                 K2SL                 K3SL                 K4SL                 K5SL
$ %s                                     %d                   %s                  %le                  %le                  %le                  %le                  %le                  %le                  %le                  %le                  %le                  %le                  %le                  %le                  %le                  %le                  %le                  %le                  %le                  %le                  %le                  %le                  %le                  %le                  %le                  %le                  %le                  %le                  %le                  %le                  %le
  "BR3.BPM1L3"                            0            "monitor"             5.467797          5.556755543          1.744022463          11.26292494         -4.287628689         0.1419168203         0.1672303854                    0                    0                    0                    0         -2.808300117         0.7926130082                    0                    0                    0                    0                    0                    0                    0                    0                    0                    0                    0                    0                    0                    0                    0                    0
  "BR3.BPM2L3"                            1            "monitor"            15.285302          5.556738103          1.744018827          11.26296874         -4.287637585          0.406542793         0.4251990338                    0                    0                    0                    0         -2.808296093         0.7926129138                    0                    0                    0                    0                    0                    0                    0                    0                    0                    0                    0                    0                    0                    0                    0                    0
  "BR3.BPM3L3"                            2            "monitor"            25.102807          5.556720663           1.74401519          11.26301092         -4.287645971         0.6711687656         0.6831676917                    0                    0                    0                    0         -2.808292402         0.7926129743                    0                    0                    0                    0                    0                    0                    0                    0                    0                    0                    0                    0                    0                    0                    0                    0
  "BR3.BPM4L3"                            3            "monitor"            34.920312          5.556703222          1.744011553          11.26305429         -4.287654732         0.9357947383         0.9411363423                    0                    0                    0                    0         -2.808288701         0.7926131285                    0                    0                    0                    0                    0                    0                    0                    0                    0                    0                    0                    0                    0                    0                    0                    0
  "BR3.BPM5L3"                            4            "monitor"            44.737806          5.556724151          1.744015917          11.26300238         -4.287644269          1.200420396          1.199104843                    0                    0                    0                    0         -2.808293035         0.7926130367                    0                    0                    0                    0                    0                    0                    0                    0                    0                    0                    0                    0                    0                    0                    0                    0
  "BR3.BPM6L3"                            5            "monitor"            54.555311           5.55670671          1.744012281          11.26304582         -4.287653026          1.465046368          1.457073492                    0                    0                    0                    0         -2.808288737         0.7926128314                    0                    0                    0                    0                    0                    0                    0                    0                    0                    0                    0                    0                    0                    0                    0                    0
  "BR3.BPM7L3"                            6            "monitor"            64.372816           5.55668927          1.744008644          11.26308809         -4.287661444          1.729672341          1.715042149                    0                    0                    0                    0         -2.808285209         0.7926128961                    0                    0                    0                    0                    0                    0                    0                    0                    0                    0                    0                    0                    0                    0                    0                    0
  "BR3.BPM8L3"                            7            "monitor"            74.190321           5.55667183          1.744005007          11.26313137         -4.287670175          1.994298314          1.973010799                    0                    0                    0                    0         -2.808281752         0.7926131605                    0                    0                    0                    0                    0                    0                    0                    0                    0                    0                    0                    0                    0                    0                    0                    0
  "BR3.BPM9L3"                            8            "monitor"            84.007826           5.55665439          1.744001371          11.26317388         -4.287678671          2.258924286          2.230979454                    0                    0                    0                    0          -2.80827716         0.7926130442                    0                    0                    0                    0                    0                    0                    0                    0                    0                    0                    0                    0                    0                    0                    0                    0
  "BR3.BPM10L3"                           9            "monitor"             93.82532          5.556675318          1.744005735          11.26312288         -4.287668504          2.523549944          2.488947951                    0                    0                    0                    0         -2.808281674          0.792612869                    0                    0                    0                    0                    0                    0                    0                    0                    0                    0                    0                    0                    0                    0                    0                    0
  "BR3.BPM11L3"                          10            "monitor"           103.642825          5.556657878          1.744002098           11.2631652         -4.287676893          2.788175917          2.746916603                    0                    0                    0                    0         -2.808278133         0.7926129465                    0                    0                    0                    0                    0                    0                    0                    0                    0                    0                    0                    0                    0                    0                    0                    0
  "BR3.BPM12L3"                          11            "monitor"            113.46033          5.556640438          1.743998461          11.26320875         -4.287685778          3.052801889          3.004885258                    0                    0                    0                    0         -2.808274586         0.7926131784                    0                    0                    0                    0                    0                    0                    0                    0                    0                    0                    0                    0                    0                    0                    0                    0
  "BR3.BPM13L3"                          12            "monitor"           123.277835          5.556622998          1.743994825          11.26325093         -4.287694101          3.317427862           3.26285391                    0                    0                    0                    0         -2.808270023         0.7926130553                    0                    0                    0                    0                    0                    0                    0                    0                    0                    0                    0                    0                    0                    0                    0                    0
  "BR3.BPM14L3"                          13            "monitor"           133.095339          5.556609046          1.743991915          11.26328595         -4.287701267          3.582053806           3.52082255                    0                    0                    0                    0         -2.808266547          0.792612846                    0                    0                    0                    0                    0                    0                    0                    0                    0                    0                    0                    0                    0                    0                    0                    0
  "BR3.BPM15L3"                          14            "monitor"           142.912834          5.556626486          1.743995552          11.26324235         -4.287692383          3.846679492          3.778791062                    0                    0                    0                    0         -2.808271166         0.7926130075                    0                    0                    0                    0                    0                    0                    0                    0                    0                    0                    0                    0                    0                    0                    0                    0
  "BR3.BPM16L3"                          15            "monitor"           152.730339          5.556609046          1.743991915           11.2632861         -4.287701296          4.111305465          4.036759714                    0                    0                    0                    0         -2.808267238         0.7926131193                    0                    0                    0                    0                    0                    0                    0                    0                    0                    0                    0                    0                    0                    0                    0                    0
