@ NAME                 %s               "PSB3"
@ TYPE                 %s              "twiss"
@ TITLE                %n                  nil
@ ORIGIN               %s "MAD 1.1.14 Linux 64"
@ DATE                 %s           "31/08/26"
@ TIME                 %s           "10:16:04"
@ REFCOL               %s               "name"
@ DIRECTION            %le                    1
@ OBSERVE              %le                    1
@ ENERGY               %le          1.098272088
@ DELTAP               %le                    0
@ LENGTH               %le               157.08
@ ALFAP                %le        0.06283979952
@ Q1                   %le          4.230499971
@ Q2                   %le          4.130999964
@ Q3                   %le                    0
@ DQ1                  %le         -6.498986947
@ DQ2                  %le          -12.8623207
@ DQ3                  %le                    0
* NAME                                INDEX                 KIND                    S                 BETX                 ALFX                 BETY                 ALFY                  MUX                  MUY                    X                   PX                    Y                   PY                   DX                  DPX                   DY                  DPY                  R11                  R12                  R21                  R22                  K1L                  K2L                  K3L                  K4L                  K5L                 K1SL                 K2SL                 K3SL                 K4SL                 K5SL
$ %s                                     %d                   %s                  %le                  %le                  %le                  %le                  %le                  %le                  %le                  %le                  %le                  %le                  %le                  %le                  %le                  %le                  %le                  %le                  %le                  %le                  %le                  %le                  %le                  %le                  %le                  %le                  %le                  %le                  %le                  %le                  %le
  "BR3.BPM1L3"                            0            "monitor"             5.467797          5.458996511          1.726578467          11.47520306         -4.392562188         0.1420096054         0.1688371621                    0                    0                    0                    0         -2.779474285         0.7678701854                    0                    0                    0                    0                    0                    0                    0                    0                    0                    0                    0                    0                    0                    0                    0                    0
  "BR3.BPM2L3"                            1            "monitor"            15.285302          5.669013428          1.769502257          11.03492602          -4.17866194         0.4084668825         0.4231225612                    0                    0                    0                    0          -2.89779015         0.8169759322                    0                    0                    0                    0                    0                    0                    0                    0                    0                    0                    0                    0                    0                    0                    0                    0
  "BR3.BPM3L3"                            2            "monitor"            25.102807          5.681231943          1.781541826          11.03517737          -4.22309415         0.6689331967          0.688158571                    0                    0                    0                    0          -2.90009304         0.8208474082                    0                    0                    0                    0                    0                    0                    0                    0                    0                    0                    0                    0                    0                    0                    0                    0
  "BR3.BPM4L3"                            3            "monitor"            34.920312          5.435432033          1.703425535          11.47510627          -4.34424152           0.93364011         0.9424413525                    0                    0                    0                    0         -2.803061608         0.8074765593                    0                    0                    0                    0                    0                    0                    0                    0                    0                    0                    0                    0                    0                    0                    0                    0
  "BR3.BPM5L3"                            4            "monitor"            44.737806          5.676108747          1.788000921          11.08952487         -4.247457215          1.197549723          1.204385846                    0                    0                    0                    0         -2.717451707         0.7616506428                    0                    0                    0                    0                    0                    0                    0                    0                    0                    0                    0                    0                    0                    0                    0                    0
  "BR3.BPM6L3"                            5            "monitor"            54.555311          5.448668766          1.699816698          11.41687895         -4.318905437          1.463515307          1.458122994                    0                    0                    0                    0         -2.830188351          0.783432084                    0                    0                    0                    0                    0                    0                    0                    0                    0                    0                    0                    0                    0                    0                    0                    0
  "BR3.BPM7L3"                            6            "monitor"            64.372816          5.655178918          1.788632696          11.15110805         -4.273524513          1.726233038          1.720528468                    0                    0                    0                    0         -2.895106873         0.8252602785                    0                    0                    0                    0                    0                    0                    0                    0                    0                    0                    0                    0                    0                    0                    0                    0
  "BR3.BPM8L3"                            7            "monitor"            74.190321          5.476485703          1.702162297          11.35280343         -4.292417622          1.993277222          1.973889363                    0                    0                    0                    0         -2.770447261         0.7958019701                    0                    0                    0                    0                    0                    0                    0                    0                    0                    0                    0                    0                    0                    0                    0                    0
  "BR3.BPM9L3"                            8            "monitor"            84.007826          5.621273569          1.783359889          11.21737585         -4.300236018          2.255057276          2.236578641                    0                    0                    0                    0         -2.728399779         0.7593804035                    0                    0                    0                    0                    0                    0                    0                    0                    0                    0                    0                    0                    0                    0                    0                    0
  "BR3.BPM10L3"                           9            "monitor"             93.82532          5.515236547          1.710163659          11.28525569          -4.26580005          2.522856469          2.489747613                    0                    0                    0                    0         -2.860776495         0.7955234125                    0                    0                    0                    0                    0                    0                    0                    0                    0                    0                    0                    0                    0                    0                    0                    0
  "BR3.BPM11L3"                          10            "monitor"           103.642825          5.578957212          1.772894215          11.28558722          -4.32650527           2.78407955          2.752532474                    0                    0                    0                    0         -2.878520913         0.8253114006                    0                    0                    0                    0                    0                    0                    0                    0                    0                    0                    0                    0                    0                    0                    0                    0
  "BR3.BPM12L3"                          11            "monitor"            113.46033          5.559669155          1.722736156          11.21712368         -4.240154141          3.052211269          3.005702015                    0                    0                    0                    0         -2.742887815         0.7837013238                    0                    0                    0                    0                    0                    0                    0                    0                    0                    0                    0                    0                    0                    0                    0                    0
  "BR3.BPM13L3"                          12            "monitor"           123.277835          5.533805962          1.758617737          11.35320505         -4.351320534          3.313333118          3.268390478                    0                    0                    0                    0         -2.750028324         0.7615502386                    0                    0                    0                    0                    0                    0                    0                    0                    0                    0                    0                    0                    0                    0                    0                    0
  "BR3.BPM14L3"                          13            "monitor"           133.095339           5.60388319          1.738207563          11.15103147         -4.216485223          3.581330114          3.521752576                    0                    0                    0                    0         -2.884342606         0.8072258151                    0                    0                    0                    0                    0                    0                    0                    0                    0                    0                    0                    0                    0                    0                    0                    0
  "BR3.BPM15L3"                          14            "monitor"           142.912834          5.491925306          1.742453203          11.41733876         -4.373651919          3.842819835          3.784156317                    0                    0                    0                    0         -2.852550262         0.8209938328                    0                    0                    0                    0                    0                    0                    0                    0                    0                    0                    0                    0                    0                    0                    0                    0
  "BR3.BPM16L3"                          15            "monitor"           152.730339          5.641995302          1.754515704          11.08955752         -4.195726804           4.11023301          4.037895433                    0                    0                    0                    0         -2.724064441         0.7727912751                    0                    0                    0                    0                    0                    0                    0                    0                    0                    0                    0                    0                    0                    0                    0                    0
