@ NAME                 %s               "PSB3"
@ TYPE                 %s              "twiss"
@ TITLE                %n                  nil
@ ORIGIN               %s "MAD 1.1.14 Linux 64"
@ DATE                 %s           "31/08/26"
@ TIME                 %s           "01:55:17"
@ REFCOL               %s               "name"
@ DIRECTION            %le                    1
@ OBSERVE              %le                    1
@ ENERGY               %le          1.098272088
@ DELTAP               %le                    0
@ LENGTH               %le               157.08
@ ALFAP                %le        0.06271496612
@ Q1                   %le          4.234199971
@ Q2                   %le          4.139899963
@ Q3                   %le                    0
@ DQ1                  %le          -6.50728689
@ DQ2                  %le         -12.90107884
@ DQ3                  %le                    0
* NAME                                INDEX                 KIND                    S                 BETX                 ALFX                 BETY                 ALFY                  MUX                  MUY                    X                   PX                    Y                   PY                   DX                  DPX                   DY                  DPY                  R11                  R12                  R21                  R22                  K1L                  K2L                  K3L                  K4L                  K5L                 K1SL                 K2SL                 K3SL                 K4SL                 K5SL
$ %s                                     %d                   %s                  %le                  %le                  %le                  %le                  %le                  %le                  %le                  %le                  %le                  %le                  %le                  %le                  %le                  %le                  %le                  %le                  %le                  %le                  %le                  %le                  %le                  %le                  %le                  %le                  %le                  %le                  %le                  %le                  %le
  "BR3.BPM1L3"                            0            "monitor"             5.467797          5.454008031          1.726638948          11.48034371         -4.399525057         0.1421785287         0.1690522118                    0                    0                    0                    0         -2.776314259         0.7681646969                    0                    0                    0                    0                    0                    0                    0                    0                    0                    0                    0                    0                    0                    0                    0                    0
  "BR3.BPM2L3"                            1            "monitor"            15.285302          5.664541008          1.770751901          11.03405584         -4.186877738         0.4087904562         0.4241951997                    0                    0                    0                    0         -2.891610485         0.8163442347                    0                    0                    0                    0                    0                    0                    0                    0                    0                    0                    0                    0                    0                    0                    0                    0
  "BR3.BPM3L3"                            2            "monitor"            25.102807          5.675307201          1.781363358          11.03449061         -4.227427481         0.6695850145         0.6894970671                    0                    0                    0                    0         -2.893614235          0.819713477                    0                    0                    0                    0                    0                    0                    0                    0                    0                    0                    0                    0                    0                    0                    0                    0
  "BR3.BPM4L3"                            3            "monitor"            34.920312          5.431747123          1.704766352          11.48004104         -4.354750795         0.9344495349         0.9446346012                    0                    0                    0                    0         -2.799481518          0.807063966                    0                    0                    0                    0                    0                    0                    0                    0                    0                    0                    0                    0                    0                    0                    0                    0
  "BR3.BPM5L3"                            4            "monitor"            44.737806          5.671013894          1.788154018          11.08827292         -4.251918745          1.198655616          1.206858708                    0                    0                    0                    0         -2.714675596         0.7619558235                    0                    0                    0                    0                    0                    0                    0                    0                    0                    0                    0                    0                    0                    0                    0                    0
  "BR3.BPM6L3"                            5            "monitor"            54.555311          5.444361095          1.700874685           11.4217523         -4.329077705          1.464792002          1.461403501                    0                    0                    0                    0          -2.82460995         0.7830139555                    0                    0                    0                    0                    0                    0                    0                    0                    0                    0                    0                    0                    0                    0                    0                    0
  "BR3.BPM7L3"                            6            "monitor"            64.372816          5.650492144          1.789006215          11.15045958         -4.278491496          1.727790928          1.724129687                    0                    0                    0                    0         -2.888922551         0.8241965492                    0                    0                    0                    0                    0                    0                    0                    0                    0                    0                    0                    0                    0                    0                    0                    0
  "BR3.BPM8L3"                            7            "monitor"            74.190321          5.471976554          1.703070585          11.35662718         -4.301959465          1.995021595          1.978263823                    0                    0                    0                    0         -2.766991411         0.7954615678                    0                    0                    0                    0                    0                    0                    0                    0                    0                    0                    0                    0                    0                    0                    0                    0
  "BR3.BPM9L3"                            8            "monitor"            84.007826           5.61660426          1.783809647          11.21811918         -4.305913185          2.257068441          2.241300161                    0                    0                    0                    0         -2.725399833           0.75963551                    0                    0                    0                    0                    0                    0                    0                    0                    0                    0                    0                    0                    0                    0                    0                    0
  "BR3.BPM10L3"                           9            "monitor"             93.82532           5.51085847          1.711066185          11.28745715          -4.27459871          2.525065633          2.495224431                    0                    0                    0                    0         -2.855084047         0.7950489584                    0                    0                    0                    0                    0                    0                    0                    0                    0                    0                    0                    0                    0                    0                    0                    0
  "BR3.BPM11L3"                          10            "monitor"           103.642825          5.574054082          1.773287566          11.28806745         -4.332911764          2.786547929          2.758365152                    0                    0                    0                    0         -2.872493675         0.8242734615                    0                    0                    0                    0                    0                    0                    0                    0                    0                    0                    0                    0                    0                    0                    0                    0
  "BR3.BPM12L3"                          11            "monitor"            113.46033          5.555574469          1.723744149          11.21759202         -4.248283604          3.054880299           3.01229044                    0                    0                    0                    0          -2.73956443         0.7834122926                    0                    0                    0                    0                    0                    0                    0                    0                    0                    0                    0                    0                    0                    0                    0                    0
  "BR3.BPM13L3"                          12            "monitor"           123.277835          5.528627002          1.758873582          11.35729691         -4.358291603          3.316264017          3.275325076                    0                    0                    0                    0          -2.74692587         0.7618047895                    0                    0                    0                    0                    0                    0                    0                    0                    0                    0                    0                    0                    0                    0                    0                    0
  "BR3.BPM14L3"                          13            "monitor"           133.095339          5.599999123          1.739365097          11.15012605         -4.224197153          3.584453718          3.529461742                    0                    0                    0                    0         -2.878474574         0.8066938514                    0                    0                    0                    0                    0                    0                    0                    0                    0                    0                    0                    0                    0                    0                    0                    0
  "BR3.BPM15L3"                          14            "monitor"           142.912834          5.486655299          1.742569113          11.42245578         -4.380854704          3.846218258          3.792184462                    0                    0                    0                    0         -2.846590434         0.8199335048                    0                    0                    0                    0                    0                    0                    0                    0                    0                    0                    0                    0                    0                    0                    0                    0
  "BR3.BPM16L3"                          15            "monitor"           152.730339          5.638034951          1.755781492          11.08807986         -4.203427726           4.11380723          4.046733359                    0                    0                    0                    0         -2.720978777         0.7725763476                    0                    0                    0                    0                    0                    0                    0                    0                    0                    0                    0                    0                    0                    0                    0                    0
