@ NAME                 %s               "PSB3"
@ TYPE                 %s              "twiss"
@ TITLE                %n                  nil
@ ORIGIN               %s "MAD 1.1.14 Linux 64"
@ DATE                 %s           "31/08/26"
@ TIME                 %s           "01:55:17"
@ REFCOL               %s               "name"
@ DIRECTION            %le                    1
@ OBSERVE              %le                    1
@ ENERGY               %le          1.098272088
@ DELTAP               %le                    0
@ LENGTH               %le               157.08
@ ALFAP                %le        0.06303676885
@ Q1                   %le          4.237691846
@ Q2                   %le          4.136368655
@ Q3                   %le                    0
@ DQ1                  %le         -6.506466295
@ DQ2                  %le         -12.90742545
@ DQ3                  %le                    0
* NAME                                INDEX                 KIND                    S                 BETX                 ALFX                 BETY                 ALFY                  MUX                  MUY                    X                   PX                    Y                   PY                   DX                  DPX                   DY                  DPY                  R11                  R12                  R21                  R22                  K1L                  K2L                  K3L                  K4L                  K5L                 K1SL                 K2SL                 K3SL                 K4SL                 K5SL
$ %s                                     %d                   %s                  %le                  %le                  %le                  %le                  %le                  %le                  %le                  %le                  %le                  %le                  %le                  %le                  %le                  %le                  %le                  %le                  %le                  %le                  %le                  %le                  %le                  %le                  %le                  %le                  %le                  %le                  %le                  %le                  %le
  "BR3.BPM1L3"                            0            "monitor"             5.467797          5.552207183           1.74469866          11.26523986          -4.29520885          0.142037931         0.1676703313                    0                    0                    0                    0         -2.803755077         0.7922183409                    0                    0                    0                    0                    0                    0                    0                    0                    0                    0                    0                    0                    0                    0                    0                    0
  "BR3.BPM2L3"                            1            "monitor"            15.285302          5.552189737          1.744695018           11.2652837         -4.295217761         0.4068938147         0.4261934381                    0                    0                    0                    0         -2.803751059         0.7922182493                    0                    0                    0                    0                    0                    0                    0                    0                    0                    0                    0                    0                    0                    0                    0                    0
  "BR3.BPM3L3"                            2            "monitor"            25.102807           5.55217229          1.744691376          11.26532599         -4.295226188         0.6717496983         0.6847165542                    0                    0                    0                    0         -2.803747362          0.792218308                    0                    0                    0                    0                    0                    0                    0                    0                    0                    0                    0                    0                    0                    0                    0                    0
  "BR3.BPM4L3"                            3            "monitor"            34.920312          5.552154843          1.744687734           11.2653694         -4.295234961          0.936605582         0.9432396632                    0                    0                    0                    0         -2.803743659         0.7922184597                    0                    0                    0                    0                    0                    0                    0                    0                    0                    0                    0                    0                    0                    0                    0                    0
  "BR3.BPM5L3"                            4            "monitor"            44.737806          5.552175779          1.744692104          11.26531744         -4.295224481           1.20146115          1.201762622                    0                    0                    0                    0            -2.803748         0.7922183697                    0                    0                    0                    0                    0                    0                    0                    0                    0                    0                    0                    0                    0                    0                    0                    0
  "BR3.BPM6L3"                            5            "monitor"            54.555311          5.552158332          1.744688463          11.26536091         -4.295233249          1.466317034           1.46028573                    0                    0                    0                    0         -2.803743707         0.7922181668                    0                    0                    0                    0                    0                    0                    0                    0                    0                    0                    0                    0                    0                    0                    0                    0
  "BR3.BPM7L3"                            6            "monitor"            64.372816          5.552140885          1.744684821           11.2654033         -4.295241711          1.731172918          1.718808845                    0                    0                    0                    0         -2.803740172         0.7922182297                    0                    0                    0                    0                    0                    0                    0                    0                    0                    0                    0                    0                    0                    0                    0                    0
  "BR3.BPM8L3"                            7            "monitor"            74.190321          5.552123438          1.744681179          11.26544661         -4.295250452          1.996028801          1.977331953                    0                    0                    0                    0         -2.803736714         0.7922184918                    0                    0                    0                    0                    0                    0                    0                    0                    0                    0                    0                    0                    0                    0                    0                    0
  "BR3.BPM9L3"                            8            "monitor"            84.007826          5.552105992          1.744677537          11.26548924         -4.295258992          2.260884685          2.235855067                    0                    0                    0                    0         -2.803732132         0.7922183771                    0                    0                    0                    0                    0                    0                    0                    0                    0                    0                    0                    0                    0                    0                    0                    0
  "BR3.BPM10L3"                           9            "monitor"             93.82532          5.552126928          1.744681907           11.2654381         -4.295248776          2.525740254          2.494378022                    0                    0                    0                    0         -2.803736648         0.7922182043                    0                    0                    0                    0                    0                    0                    0                    0                    0                    0                    0                    0                    0                    0                    0                    0
  "BR3.BPM11L3"                          10            "monitor"           103.642825          5.552109481          1.744678266          11.26548055         -4.295257207          2.790596137          2.752901132                    0                    0                    0                    0         -2.803733101         0.7922182803                    0                    0                    0                    0                    0                    0                    0                    0                    0                    0                    0                    0                    0                    0                    0                    0
  "BR3.BPM12L3"                          11            "monitor"            113.46033          5.552092034          1.744674624          11.26552413         -4.295266106          3.055452021          3.011424246                    0                    0                    0                    0         -2.803729552         0.7922185098                    0                    0                    0                    0                    0                    0                    0                    0                    0                    0                    0                    0                    0                    0                    0                    0
  "BR3.BPM13L3"                          12            "monitor"           123.277835          5.552074587          1.744670982          11.26556643         -4.295274468          3.320307905          3.269947356                    0                    0                    0                    0         -2.803724998         0.7922183881                    0                    0                    0                    0                    0                    0                    0                    0                    0                    0                    0                    0                    0                    0                    0                    0
  "BR3.BPM14L3"                          13            "monitor"           133.095339           5.55206063          1.744668069          11.26560147         -4.295281644           3.58516376          3.528470454                    0                    0                    0                    0         -2.803721528         0.7922181812                    0                    0                    0                    0                    0                    0                    0                    0                    0                    0                    0                    0                    0                    0                    0                    0
  "BR3.BPM15L3"                          14            "monitor"           142.912834          5.552078077           1.74467171          11.26555782         -4.295272744          3.850019357          3.786993424                    0                    0                    0                    0         -2.803726138         0.7922183415                    0                    0                    0                    0                    0                    0                    0                    0                    0                    0                    0                    0                    0                    0                    0                    0
  "BR3.BPM16L3"                          15            "monitor"           152.730339           5.55206063          1.744668069          11.26560162         -4.295281674           4.11487524          4.045516535                    0                    0                    0                    0         -2.803722207         0.7922184505                    0                    0                    0                    0                    0                    0                    0                    0                    0                    0                    0                    0                    0                    0                    0                    0
