@ NAME                 %s               "PSB3"
@ TYPE                 %s              "twiss"
@ TITLE                %n                  nil
@ ORIGIN               %s "MAD 1.1.14 Linux 64"
@ DATE                 %s           "31/08/26"
@ TIME                 %s           "01:45:20"
@ REFCOL               %s               "name"
@ DIRECTION            %le                    1
@ OBSERVE              %le                    1
@ ENERGY               %le          1.098272088
@ DELTAP               %le                    0
@ LENGTH               %le               157.08
@ ALFAP                %le        0.06286631027
@ Q1                   %le          4.229699971
@ Q2                   %le          4.131399964
@ Q3                   %le                    0
@ DQ1                  %le         -6.498091425
@ DQ2                  %le         -12.86147191
@ DQ3                  %le                    0
* NAME                                INDEX                 KIND                    S                 BETX                 ALFX                 BETY                 ALFY                  MUX                  MUY                    X                   PX                    Y                   PY                   DX                  DPX                   DY                  DPY                  R11                  R12                  R21                  R22                  K1L                  K2L                  K3L                  K4L                  K5L                 K1SL                 K2SL                 K3SL                 K4SL                 K5SL
$ %s                                     %d                   %s                  %le                  %le                  %le                  %le                  %le                  %le                  %le                  %le                  %le                  %le                  %le                  %le                  %le                  %le                  %le                  %le                  %le                  %le                  %le                  %le                  %le                  %le                  %le                  %le                  %le                  %le                  %le                  %le                  %le
  "BR3.BPM1L3"                            0            "monitor"             5.467797          5.459395726          1.726754553          11.47582512         -4.392619725         0.1419698876         0.1688527412                    0                    0                    0                    0         -2.779993047         0.7678475053                    0                    0                    0                    0                    0                    0                    0                    0                    0                    0                    0                    0                    0                    0                    0                    0
  "BR3.BPM2L3"                            1            "monitor"            15.285302          5.670203389          1.769616925          11.03303296          -4.17770142         0.4084027121         0.4231564202                    0                    0                    0                    0         -2.899491348         0.8173799632                    0                    0                    0                    0                    0                    0                    0                    0                    0                    0                    0                    0                    0                    0                    0                    0
  "BR3.BPM3L3"                            2            "monitor"            25.102807          5.682788793          1.782017201          11.03328855         -4.222187667         0.6687810796          0.688240273                    0                    0                    0                    0         -2.901870008         0.8213784902                    0                    0                    0                    0                    0                    0                    0                    0                    0                    0                    0                    0                    0                    0                    0                    0
  "BR3.BPM4L3"                            3            "monitor"            34.920312          5.435445866           1.70322307          11.47572355         -4.344210498         0.9334550371         0.9425412688                    0                    0                    0                    0         -2.803779504         0.8077869117                    0                    0                    0                    0                    0                    0                    0                    0                    0                    0                    0                    0                    0                    0                    0                    0
  "BR3.BPM5L3"                            4            "monitor"            44.737806          5.677469745          1.788434607           11.0878931         -4.246679919          1.197298572          1.204517676                    0                    0                    0                    0         -2.717614198          0.761595449                    0                    0                    0                    0                    0                    0                    0                    0                    0                    0                    0                    0                    0                    0                    0                    0
  "BR3.BPM6L3"                            5            "monitor"            54.555311           5.44886972          1.699658299          11.41719346         -4.318731917          1.463233888          1.458268188                    0                    0                    0                    0         -2.831459272         0.7836365267                    0                    0                    0                    0                    0                    0                    0                    0                    0                    0                    0                    0                    0                    0                    0                    0
  "BR3.BPM7L3"                            6            "monitor"            64.372816           5.65636482           1.78902222          11.14981824         -4.272900069          1.725883549          1.720709712                    0                    0                    0                    0         -2.896799225         0.8257960634                    0                    0                    0                    0                    0                    0                    0                    0                    0                    0                    0                    0                    0                    0                    0                    0
  "BR3.BPM8L3"                            7            "monitor"            74.190321          5.476848526          1.702046535           11.3527439         -4.292083985          1.992898877          1.974080549                    0                    0                    0                    0         -2.770993706         0.7960430291                    0                    0                    0                    0                    0                    0                    0                    0                    0                    0                    0                    0                    0                    0                    0                    0
  "BR3.BPM9L3"                            8            "monitor"            84.007826          5.622310006          1.783709201          11.21648452         -4.299775748          2.254609757          2.236808467                    0                    0                    0                    0         -2.728658349         0.7593260591                    0                    0                    0                    0                    0                    0                    0                    0                    0                    0                    0                    0                    0                    0                    0                    0
  "BR3.BPM10L3"                           9            "monitor"             93.82532           5.51573899          1.710085514          11.28478117         -4.265301427          2.522380997          2.489985617                    0                    0                    0                    0         -2.862207977         0.7957956081                    0                    0                    0                    0                    0                    0                    0                    0                    0                    0                    0                    0                    0                    0                    0                    0
  "BR3.BPM11L3"                          10            "monitor"           103.642825          5.579859876          1.773207974          11.28511914         -4.326207541          2.783534014          2.752809993                    0                    0                    0                    0         -2.880106479         0.8258413198                    0                    0                    0                    0                    0                    0                    0                    0                    0                    0                    0                    0                    0                    0                    0                    0
  "BR3.BPM12L3"                          11            "monitor"            113.46033          5.560304513          1.722692651          11.21622598          -4.23949863          3.051638715          3.005987722                    0                    0                    0                    0         -2.743283113          0.783875734                    0                    0                    0                    0                    0                    0                    0                    0                    0                    0                    0                    0                    0                    0                    0                    0
  "BR3.BPM13L3"                          12            "monitor"           123.277835          5.534571072          1.758896116          11.35315171         -4.351170917          3.312689446          3.268714804                    0                    0                    0                    0         -2.750404514         0.7615065683                    0                    0                    0                    0                    0                    0                    0                    0                    0                    0                    0                    0                    0                    0                    0                    0
  "BR3.BPM14L3"                          13            "monitor"           133.095339          5.604666218          1.738202186          11.14973566         -4.215693343          3.580660561          3.522086876                    0                    0                    0                    0         -2.885916912         0.8075640307                    0                    0                    0                    0                    0                    0                    0                    0                    0                    0                    0                    0                    0                    0                    0                    0
  "BR3.BPM15L3"                          14            "monitor"           142.912834          5.492527674          1.742688524           11.4176589         -4.373624129             3.842078          3.784526626                    0                    0                    0                    0         -2.854006466         0.8215081413                    0                    0                    0                    0                    0                    0                    0                    0                    0                    0                    0                    0                    0                    0                    0                    0
  "BR3.BPM16L3"                          15            "monitor"           152.730339          5.642960063          1.754560491          11.08792045         -4.194830199          4.109466367          4.038279156                    0                    0                    0                    0         -2.724324729         0.7728998865                    0                    0                    0                    0                    0                    0                    0                    0                    0                    0                    0                    0                    0                    0                    0                    0
