@ NAME                 %s               "PSB3"
@ TYPE                 %s              "twiss"
@ TITLE                %n                  nil
@ ORIGIN               %s "MAD 1.1.14 Linux 64"
@ DATE                 %s           "31/08/26"
@ TIME                 %s           "01:45:20"
@ REFCOL               %s               "name"
@ DIRECTION            %le                    1
@ OBSERVE              %le                    1
@ ENERGY               %le          1.098272088
@ DELTAP               %le                    0
@ LENGTH               %le               157.08
@ ALFAP                %le        0.06319750703
@ Q1                   %le          4.233233126
@ Q2                   %le          4.127877671
@ Q3                   %le                    0
@ DQ1                  %le         -6.497243301
@ DQ2                  %le         -12.86722584
@ DQ3                  %le                    0
* NAME                                INDEX                 KIND                    S                 BETX                 ALFX                 BETY                 ALFY                  MUX                  MUY                    X                   PX                    Y                   PY                   DX                  DPX                   DY                  DPY                  R11                  R12                  R21                  R22                  K1L                  K2L                  K3L                  K4L                  K5L                 K1SL                 K2SL                 K3SL                 K4SL                 K5SL
$ %s                                     %d                   %s                  %le                  %le                  %le                  %le                  %le                  %le                  %le                  %le                  %le                  %le                  %le                  %le                  %le                  %le                  %le                  %le                  %le                  %le                  %le                  %le                  %le                  %le                  %le                  %le                  %le                  %le                  %le                  %le                  %le
  "BR3.BPM1L3"                            0            "monitor"             5.467797          5.557473807          1.744143552          11.26231357         -4.287177637         0.1418870952         0.1672478681                    0                    0                    0                    0         -2.809250207         0.7928528656                    0                    0                    0                    0                    0                    0                    0                    0                    0                    0                    0                    0                    0                    0                    0                    0
  "BR3.BPM2L3"                            1            "monitor"            15.285302          5.557456366          1.744139915          11.26235736         -4.287186531         0.4064643088         0.4252402883                    0                    0                    0                    0          -2.80924618         0.7928527706                    0                    0                    0                    0                    0                    0                    0                    0                    0                    0                    0                    0                    0                    0                    0                    0
  "BR3.BPM3L3"                            2            "monitor"            25.102807          5.557438925          1.744136278          11.26239953         -4.287194916         0.6710415224          0.683232718                    0                    0                    0                    0          -2.80924249         0.7928528314                    0                    0                    0                    0                    0                    0                    0                    0                    0                    0                    0                    0                    0                    0                    0                    0
  "BR3.BPM4L3"                            3            "monitor"            34.920312          5.557421483          1.744132642           11.2624429         -4.287203675          0.935618736         0.9412251405                    0                    0                    0                    0         -2.809238789         0.7928529863                    0                    0                    0                    0                    0                    0                    0                    0                    0                    0                    0                    0                    0                    0                    0                    0
  "BR3.BPM5L3"                            4            "monitor"            44.737806          5.557442413          1.744137006            11.262391         -4.287193215          1.200195635          1.199217413                    0                    0                    0                    0         -2.809243123          0.792852894                    0                    0                    0                    0                    0                    0                    0                    0                    0                    0                    0                    0                    0                    0                    0                    0
  "BR3.BPM6L3"                            5            "monitor"            54.555311          5.557424971          1.744133369          11.26243443         -4.287201969          1.464772848          1.457209834                    0                    0                    0                    0         -2.809238822         0.7928526882                    0                    0                    0                    0                    0                    0                    0                    0                    0                    0                    0                    0                    0                    0                    0                    0
  "BR3.BPM7L3"                            6            "monitor"            64.372816           5.55740753          1.744129733           11.2624767         -4.287210387          1.729350062          1.715202263                    0                    0                    0                    0         -2.809235294         0.7928527533                    0                    0                    0                    0                    0                    0                    0                    0                    0                    0                    0                    0                    0                    0                    0                    0
  "BR3.BPM8L3"                            7            "monitor"            74.190321          5.557390089          1.744126096          11.26251997         -4.287219116          1.993927275          1.973194685                    0                    0                    0                    0         -2.809231838         0.7928530182                    0                    0                    0                    0                    0                    0                    0                    0                    0                    0                    0                    0                    0                    0                    0                    0
  "BR3.BPM9L3"                            8            "monitor"            84.007826          5.557372648          1.744122459          11.26256248         -4.287227611          2.258504489          2.231187112                    0                    0                    0                    0         -2.809227243         0.7928529015                    0                    0                    0                    0                    0                    0                    0                    0                    0                    0                    0                    0                    0                    0                    0                    0
  "BR3.BPM10L3"                           9            "monitor"             93.82532          5.557393577          1.744126823          11.26251148         -4.287217445          2.523081387           2.48917938                    0                    0                    0                    0         -2.809231758         0.7928527259                    0                    0                    0                    0                    0                    0                    0                    0                    0                    0                    0                    0                    0                    0                    0                    0
  "BR3.BPM11L3"                          10            "monitor"           103.642825          5.557376136          1.744123187           11.2625538         -4.287225833          2.787658601          2.747171804                    0                    0                    0                    0         -2.809228217         0.7928528037                    0                    0                    0                    0                    0                    0                    0                    0                    0                    0                    0                    0                    0                    0                    0                    0
  "BR3.BPM12L3"                          11            "monitor"            113.46033          5.557358695           1.74411955          11.26259735         -4.287234717          3.052235815          3.005164231                    0                    0                    0                    0         -2.809224669         0.7928530361                    0                    0                    0                    0                    0                    0                    0                    0                    0                    0                    0                    0                    0                    0                    0                    0
  "BR3.BPM13L3"                          12            "monitor"           123.277835          5.557341253          1.744115914          11.26263952         -4.287243039          3.316813028          3.263156655                    0                    0                    0                    0         -2.809220103         0.7928529127                    0                    0                    0                    0                    0                    0                    0                    0                    0                    0                    0                    0                    0                    0                    0                    0
  "BR3.BPM14L3"                          13            "monitor"           133.095339          5.557327301          1.744113004          11.26267453         -4.287250203          3.581390213          3.521149067                    0                    0                    0                    0         -2.809216626         0.7928527028                    0                    0                    0                    0                    0                    0                    0                    0                    0                    0                    0                    0                    0                    0                    0                    0
  "BR3.BPM15L3"                          14            "monitor"           142.912834          5.557344742          1.744116641          11.26263094         -4.287241321           3.84596714           3.77914135                    0                    0                    0                    0         -2.809221247         0.7928528646                    0                    0                    0                    0                    0                    0                    0                    0                    0                    0                    0                    0                    0                    0                    0                    0
  "BR3.BPM16L3"                          15            "monitor"           152.730339          5.557327301          1.744113004          11.26267468         -4.287250232          4.110544354          4.037133774                    0                    0                    0                    0         -2.809217319          0.792852977                    0                    0                    0                    0                    0                    0                    0                    0                    0                    0                    0                    0                    0                    0                    0                    0
