@ NAME                 %s               "PSB3"
@ TYPE                 %s              "twiss"
@ TITLE                %n                  nil
@ ORIGIN               %s "MAD 1.1.15 Linux 64"
@ DATE                 %s           "14/09/26"
@ TIME                 %s           "11:42:07"
@ REFCOL               %s               "name"
@ DIRECTION            %le                    1
@ OBSERVE              %le                    1
@ ENERGY               %le          1.098272088
@ DELTAP               %le                    0
@ LENGTH               %le               157.08
@ ALFAP                %le        0.06330838037
@ Q1                   %le          4.230042321
@ Q2                   %le          4.119292542
@ Q3                   %le                    0
@ DQ1                  %le         -6.489746761
@ DQ2                  %le         -12.77329732
@ DQ3                  %le                    0
* NAME                                INDEX                 KIND                    S                 BETX                 ALFX                 BETY                 ALFY                  MUX                  MUY                    X                   PX                    Y                   PY                   DX                  DPX                   DY                  DPY                  R11                  R12                  R21                  R22                  K1L                  K2L                  K3L                  K4L                  K5L                 K1SL                 K2SL                 K3SL                 K4SL                 K5SL
$ %s                                     %d                   %s                  %le                  %le                  %le                  %le                  %le                  %le                  %le                  %le                  %le                  %le                  %le                  %le                  %le                  %le                  %le                  %le                  %le                  %le                  %le                  %le                  %le                  %le                  %le                  %le                  %le                  %le                  %le                  %le                  %le
  "BR3.BPM1L3"                            0            "monitor"             5.467797          5.561512682          1.743467351          11.26082598          -4.28040485         0.1417834293         0.1668241634                    0                    0                    0                    0         -2.813209754         0.7931428937                    0                    0                    0                    0                    0                    0                    0                    0                    0                    0                    0                    0                    0                    0                    0                    0
  "BR3.BPM2L3"                            1            "monitor"            15.285302          5.561495247          1.743463719          11.26086975         -4.280413732         0.4061612174          0.424280013                    0                    0                    0                    0         -2.813205722         0.7931427962                    0                    0                    0                    0                    0                    0                    0                    0                    0                    0                    0                    0                    0                    0                    0                    0
  "BR3.BPM3L3"                            2            "monitor"            25.102807          5.561477813          1.743460087          11.26091181         -4.280422078         0.6705390056         0.6817358723                    0                    0                    0                    0         -2.813202037         0.7931428586                    0                    0                    0                    0                    0                    0                    0                    0                    0                    0                    0                    0                    0                    0                    0                    0
  "BR3.BPM4L3"                            3            "monitor"            34.920312          5.561460378          1.743456455          11.26095516         -4.280430828         0.9349167937         0.9391917241                    0                    0                    0                    0         -2.813198339         0.7931430159                    0                    0                    0                    0                    0                    0                    0                    0                    0                    0                    0                    0                    0                    0                    0                    0
  "BR3.BPM5L3"                            4            "monitor"            44.737806          5.561481299          1.743460814          11.26090329         -4.280420381          1.199294267          1.196647426                    0                    0                    0                    0         -2.813202667         0.7931429219                    0                    0                    0                    0                    0                    0                    0                    0                    0                    0                    0                    0                    0                    0                    0                    0
  "BR3.BPM6L3"                            5            "monitor"            54.555311          5.561463865          1.743457182           11.2609467         -4.280429128          1.463672055          1.454103277                    0                    0                    0                    0         -2.813198362         0.7931427138                    0                    0                    0                    0                    0                    0                    0                    0                    0                    0                    0                    0                    0                    0                    0                    0
  "BR3.BPM7L3"                            6            "monitor"            64.372816           5.56144643           1.74345355          11.26098885         -4.280437503          1.728049843          1.711559135                    0                    0                    0                    0          -2.81319484         0.7931427806                    0                    0                    0                    0                    0                    0                    0                    0                    0                    0                    0                    0                    0                    0                    0                    0
  "BR3.BPM8L3"                            7            "monitor"            74.190321          5.561428996          1.743449918          11.26103211         -4.280446226          1.992427632          1.969014986                    0                    0                    0                    0         -2.813191385         0.7931430476                    0                    0                    0                    0                    0                    0                    0                    0                    0                    0                    0                    0                    0                    0                    0                    0
  "BR3.BPM9L3"                            8            "monitor"            84.007826          5.561411561          1.743446286          11.26107449         -4.280454678           2.25680542          2.226470843                    0                    0                    0                    0         -2.813186781         0.7931429295                    0                    0                    0                    0                    0                    0                    0                    0                    0                    0                    0                    0                    0                    0                    0                    0
  "BR3.BPM10L3"                           9            "monitor"             93.82532          5.561432483          1.743450645          11.26102363          -4.28044456          2.521182893           2.48392654                    0                    0                    0                    0         -2.813191295         0.7931427517                    0                    0                    0                    0                    0                    0                    0                    0                    0                    0                    0                    0                    0                    0                    0                    0
  "BR3.BPM11L3"                          10            "monitor"           103.642825          5.561415048          1.743447013          11.26106583         -4.280452906          2.785560681          2.741382394                    0                    0                    0                    0         -2.813187759         0.7931428309                    0                    0                    0                    0                    0                    0                    0                    0                    0                    0                    0                    0                    0                    0                    0                    0
  "BR3.BPM12L3"                          11            "monitor"            113.46033          5.561397614          1.743443381          11.26110936         -4.280461781          3.049938469           2.99883825                    0                    0                    0                    0         -2.813184213         0.7931430654                    0                    0                    0                    0                    0                    0                    0                    0                    0                    0                    0                    0                    0                    0                    0                    0
  "BR3.BPM13L3"                          12            "monitor"           123.277835          5.561380179          1.743439749          11.26115142         -4.280470064          3.314316257          3.256294104                    0                    0                    0                    0          -2.81317964         0.7931429407                    0                    0                    0                    0                    0                    0                    0                    0                    0                    0                    0                    0                    0                    0                    0                    0
  "BR3.BPM14L3"                          13            "monitor"           133.095339          5.561366232          1.743436844          11.26118642         -4.280477222          3.578694017          3.513749945                    0                    0                    0                    0         -2.813176157         0.7931427287                    0                    0                    0                    0                    0                    0                    0                    0                    0                    0                    0                    0                    0                    0                    0                    0
  "BR3.BPM15L3"                          14            "monitor"           142.912834          5.561383666          1.743440475          11.26114285         -4.280468353          3.843071519          3.771205658                    0                    0                    0                    0         -2.813180787         0.7931428916                    0                    0                    0                    0                    0                    0                    0                    0                    0                    0                    0                    0                    0                    0                    0                    0
  "BR3.BPM16L3"                          15            "monitor"           152.730339          5.561366232          1.743436844          11.26118656          -4.28047725          4.107449307          4.028661511                    0                    0                    0                    0         -2.813176861         0.7931430064                    0                    0                    0                    0                    0                    0                    0                    0                    0                    0                    0                    0                    0                    0                    0                    0
