@ NAME                 %s               "PSB3"
@ TYPE                 %s              "twiss"
@ TITLE                %n                  nil
@ ORIGIN               %s "MAD 1.1.15 Linux 64"
@ DATE                 %s           "14/09/26"
@ TIME                 %s           "11:42:07"
@ REFCOL               %s               "name"
@ DIRECTION            %le                    1
@ OBSERVE              %le                    1
@ ENERGY               %le          1.098272088
@ DELTAP               %le                    0
@ LENGTH               %le               157.08
@ ALFAP                %le        0.06297220911
@ Q1                   %le               4.2265
@ Q2                   %le          4.122800001
@ Q3                   %le                    0
@ DQ1                  %le         -6.490601523
@ DQ2                  %le         -12.76828574
@ DQ3                  %le                    0
* NAME                                INDEX                 KIND                    S                 BETX                 ALFX                 BETY                 ALFY                  MUX                  MUY                    X                   PX                    Y                   PY                   DX                  DPX                   DY                  DPY                  R11                  R12                  R21                  R22                  K1L                  K2L                  K3L                  K4L                  K5L                 K1SL                 K2SL                 K3SL                 K4SL                 K5SL
$ %s                                     %d                   %s                  %le                  %le                  %le                  %le                  %le                  %le                  %le                  %le                  %le                  %le                  %le                  %le                  %le                  %le                  %le                  %le                  %le                  %le                  %le                  %le                  %le                  %le                  %le                  %le                  %le                  %le                  %le                  %le                  %le
  "BR3.BPM1L3"                            0            "monitor"             5.467797          5.464075919          1.726669135          11.47257807         -4.387123749         0.1418237582         0.1686763897                    0                    0                    0                    0          -2.78277763         0.7675852527                    0                    0                    0                    0                    0                    0                    0                    0                    0                    0                    0                    0                    0                    0                    0                    0
  "BR3.BPM2L3"                            1            "monitor"            15.285302          5.673868522          1.768361741          11.03390002         -4.169737014         0.4081189323         0.4221030257                    0                    0                    0                    0         -2.904669507         0.8178110448                    0                    0                    0                    0                    0                    0                    0                    0                    0                    0                    0                    0                    0                    0                    0                    0
  "BR3.BPM3L3"                            2            "monitor"            25.102807          5.687705892          1.781992774          11.03394731         -4.218552671         0.6682223226         0.6869894749                    0                    0                    0                    0         -2.907313031         0.8222543528                    0                    0                    0                    0                    0                    0                    0                    0                    0                    0                    0                    0                    0                    0                    0                    0
  "BR3.BPM4L3"                            3            "monitor"            34.920312          5.439034067          1.702065472          11.47270314         -4.334689668         0.9327607356         0.9404160445                    0                    0                    0                    0          -2.80687504         0.8080489902                    0                    0                    0                    0                    0                    0                    0                    0                    0                    0                    0                    0                    0                    0                    0                    0
  "BR3.BPM5L3"                            4            "monitor"            44.737806          5.681690024          1.788108497          11.08920467         -4.242980974          1.196347659          1.202170596                    0                    0                    0                    0         -2.720232535         0.7613419552                    0                    0                    0                    0                    0                    0                    0                    0                    0                    0                    0                    0                    0                    0                    0                    0
  "BR3.BPM6L3"                            5            "monitor"            54.555311          5.452955859          1.698752183          11.41406506         -4.309453564          1.462132638           1.45508924                    0                    0                    0                    0          -2.83629614         0.7839745616                    0                    0                    0                    0                    0                    0                    0                    0                    0                    0                    0                    0                    0                    0                    0                    0
  "BR3.BPM7L3"                            6            "monitor"            64.372816          5.660290083          1.788506253          11.15076848         -4.268815528          1.724541974          1.717271952                    0                    0                    0                    0         -2.901997132         0.8265979495                    0                    0                    0                    0                    0                    0                    0                    0                    0                    0                    0                    0                    0                    0                    0                    0
  "BR3.BPM8L3"                            7            "monitor"            74.190321          5.481036292          1.701261956          11.35036182         -4.283296601           1.99139073          1.969841735                    0                    0                    0                    0          -2.77407102         0.7962749113                    0                    0                    0                    0                    0                    0                    0                    0                    0                    0                    0                    0                    0                    0                    0                    0
  "BR3.BPM9L3"                            8            "monitor"            84.007826           5.62630499          1.783141841          11.21639379         -4.295133827          2.252876019          2.232287301                    0                    0                    0                    0         -2.731443282         0.7591226811                    0                    0                    0                    0                    0                    0                    0                    0                    0                    0                    0                    0                    0                    0                    0                    0
  "BR3.BPM10L3"                           9            "monitor"             93.82532          5.519718845           1.70928535          11.28363822         -4.257097717           2.52046893          2.484679389                    0                    0                    0                    0         -2.867060605         0.7961491333                    0                    0                    0                    0                    0                    0                    0                    0                    0                    0                    0                    0                    0                    0                    0                    0
  "BR3.BPM11L3"                          10            "monitor"           103.642825          5.584158935          1.772715385          11.28369075         -4.320995752          2.781404243          2.747213579                    0                    0                    0                    0         -2.885211701         0.8266206404                    0                    0                    0                    0                    0                    0                    0                    0                    0                    0                    0                    0                    0                    0                    0                    0
  "BR3.BPM12L3"                          11            "monitor"            113.46033          5.563932539          1.721770494          11.21641766         -4.231811389          3.049327511          2.999605839                    0                    0                    0                    0         -2.746319743         0.7840963103                    0                    0                    0                    0                    0                    0                    0                    0                    0                    0                    0                    0                    0                    0                    0                    0
  "BR3.BPM13L3"                          12            "monitor"           123.277835          5.539217856          1.758557359          11.35049273         -4.345534177          3.310158536          3.262051374                    0                    0                    0                    0         -2.753220326         0.7612974298                    0                    0                    0                    0                    0                    0                    0                    0                    0                    0                    0                    0                    0                    0                    0                    0
  "BR3.BPM14L3"                          13            "monitor"           133.095339          5.608003031          1.737112374          11.15095379         -4.208303017          3.577955334          3.514621189                    0                    0                    0                    0         -2.890858932          0.807935343                    0                    0                    0                    0                    0                    0                    0                    0                    0                    0                    0                    0                    0                    0                    0                    0
  "BR3.BPM15L3"                          14            "monitor"           142.912834          5.497359467          1.742511743          11.41427324         -4.367852107          3.839141069          3.776803701                    0                    0                    0                    0          -2.85912388         0.8223193834                    0                    0                    0                    0                    0                    0                    0                    0                    0                    0                    0                    0                    0                    0                    0                    0
  "BR3.BPM16L3"                          15            "monitor"           152.730339          5.646262243          1.753334361          11.08947469         -4.187382945          4.106371077          4.029722414                    0                    0                    0                    0         -2.727204638         0.7730861018                    0                    0                    0                    0                    0                    0                    0                    0                    0                    0                    0                    0                    0                    0                    0                    0
