@ NAME                 %s               "PSB3"
@ TYPE                 %s              "twiss"
@ TITLE                %n                  nil
@ ORIGIN               %s "MAD 1.1.14 Linux 64"
@ DATE                 %s           "31/08/26"
@ TIME                 %s           "02:33:50"
@ REFCOL               %s               "name"
@ DIRECTION            %le                    1
@ OBSERVE              %le                    1
@ ENERGY               %le          1.098272088
@ DELTAP               %le                    0
@ LENGTH               %le               157.08
@ ALFAP                %le        0.06304771424
@ Q1                   %le           4.23740622
@ Q2                   %le          4.136508956
@ Q3                   %le                    0
@ DQ1                  %le         -6.506133425
@ DQ2                  %le         -12.90712931
@ DQ3                  %le                    0
* NAME                                INDEX                 KIND                    S                 BETX                 ALFX                 BETY                 ALFY                  MUX                  MUY                    X                   PX                    Y                   PY                   DX                  DPX                   DY                  DPY                  R11                  R12                  R21                  R22                  K1L                  K2L                  K3L                  K4L                  K5L                 K1SL                 K2SL                 K3SL                 K4SL                 K5SL
$ %s                                     %d                   %s                  %le                  %le                  %le                  %le                  %le                  %le                  %le                  %le                  %le                  %le                  %le                  %le                  %le                  %le                  %le                  %le                  %le                  %le                  %le                  %le                  %le                  %le                  %le                  %le                  %le                  %le                  %le                  %le                  %le
  "BR3.BPM1L3"                            0            "monitor"             5.467797          5.552469249          1.744743037          11.26501798         -4.295044959          0.142027042         0.1676767923                    0                    0                    0                    0         -2.804101933         0.7923060997                    0                    0                    0                    0                    0                    0                    0                    0                    0                    0                    0                    0                    0                    0                    0                    0
  "BR3.BPM2L3"                            1            "monitor"            15.285302          5.552451801          1.744739396          11.26506182         -4.295053869          0.406865074         0.4262086679                    0                    0                    0                    0         -2.804097915         0.7923060079                    0                    0                    0                    0                    0                    0                    0                    0                    0                    0                    0                    0                    0                    0                    0                    0
  "BR3.BPM3L3"                            2            "monitor"            25.102807          5.552434354          1.744735754          11.26510411         -4.295062295         0.6717031061         0.6847405528                    0                    0                    0                    0         -2.804094218         0.7923060667                    0                    0                    0                    0                    0                    0                    0                    0                    0                    0                    0                    0                    0                    0                    0                    0
  "BR3.BPM4L3"                            3            "monitor"            34.920312          5.552416907          1.744732112          11.26514751         -4.295071068         0.9365411381         0.9432724306                    0                    0                    0                    0         -2.804090515         0.7923062186                    0                    0                    0                    0                    0                    0                    0                    0                    0                    0                    0                    0                    0                    0                    0                    0
  "BR3.BPM5L3"                            4            "monitor"            44.737806          5.552437843          1.744736482          11.26509556         -4.295060589          1.201378855          1.201804158                    0                    0                    0                    0         -2.804094855         0.7923061284                    0                    0                    0                    0                    0                    0                    0                    0                    0                    0                    0                    0                    0                    0                    0                    0
  "BR3.BPM6L3"                            5            "monitor"            54.555311          5.552420396          1.744732841          11.26513902         -4.295069356          1.466216887          1.460336035                    0                    0                    0                    0         -2.804090562         0.7923059254                    0                    0                    0                    0                    0                    0                    0                    0                    0                    0                    0                    0                    0                    0                    0                    0
  "BR3.BPM7L3"                            6            "monitor"            64.372816          5.552402949          1.744729199          11.26518141         -4.295077818          1.731054919          1.718867919                    0                    0                    0                    0         -2.804087027         0.7923059884                    0                    0                    0                    0                    0                    0                    0                    0                    0                    0                    0                    0                    0                    0                    0                    0
  "BR3.BPM8L3"                            7            "monitor"            74.190321          5.552385502          1.744725557          11.26522472         -4.295086558          1.995892951          1.977399796                    0                    0                    0                    0         -2.804083569         0.7923062507                    0                    0                    0                    0                    0                    0                    0                    0                    0                    0                    0                    0                    0                    0                    0                    0
  "BR3.BPM9L3"                            8            "monitor"            84.007826          5.552368054          1.744721915          11.26526735         -4.295095098          2.260730983          2.235931678                    0                    0                    0                    0         -2.804078986         0.7923061358                    0                    0                    0                    0                    0                    0                    0                    0                    0                    0                    0                    0                    0                    0                    0                    0
  "BR3.BPM10L3"                           9            "monitor"             93.82532          5.552388991          1.744726285          11.26521621         -4.295084882            2.5255687          2.494463402                    0                    0                    0                    0         -2.804083502         0.7923059629                    0                    0                    0                    0                    0                    0                    0                    0                    0                    0                    0                    0                    0                    0                    0                    0
  "BR3.BPM11L3"                          10            "monitor"           103.642825          5.552371544          1.744722644          11.26525865         -4.295093313          2.790406732          2.752995281                    0                    0                    0                    0         -2.804079955         0.7923060389                    0                    0                    0                    0                    0                    0                    0                    0                    0                    0                    0                    0                    0                    0                    0                    0
  "BR3.BPM12L3"                          11            "monitor"            113.46033          5.552354097          1.744719002          11.26530224         -4.295102211          3.055244764          3.011527163                    0                    0                    0                    0         -2.804076405         0.7923062687                    0                    0                    0                    0                    0                    0                    0                    0                    0                    0                    0                    0                    0                    0                    0                    0
  "BR3.BPM13L3"                          12            "monitor"           123.277835          5.552336649           1.74471536          11.26534453         -4.295110573          3.320082796          3.270059042                    0                    0                    0                    0         -2.804071851         0.7923061468                    0                    0                    0                    0                    0                    0                    0                    0                    0                    0                    0                    0                    0                    0                    0                    0
  "BR3.BPM14L3"                          13            "monitor"           133.095339          5.552322692          1.744712447          11.26537957         -4.295117749          3.584920799           3.52859091                    0                    0                    0                    0          -2.80406838         0.7923059398                    0                    0                    0                    0                    0                    0                    0                    0                    0                    0                    0                    0                    0                    0                    0                    0
  "BR3.BPM15L3"                          14            "monitor"           142.912834          5.552340139          1.744716089          11.26533593         -4.295108849          3.849758545          3.787122648                    0                    0                    0                    0         -2.804072991         0.7923061002                    0                    0                    0                    0                    0                    0                    0                    0                    0                    0                    0                    0                    0                    0                    0                    0
  "BR3.BPM16L3"                          15            "monitor"           152.730339          5.552322692          1.744712447          11.26537972         -4.295117779          4.114596577          4.045654528                    0                    0                    0                    0          -2.80406906         0.7923062094                    0                    0                    0                    0                    0                    0                    0                    0                    0                    0                    0                    0                    0                    0                    0                    0
