@ NAME                 %s               "PSB3"
@ TYPE                 %s              "twiss"
@ TITLE                %n                  nil
@ ORIGIN               %s "MAD 1.1.14 Linux 64"
@ DATE                 %s           "31/08/26"
@ TIME                 %s           "02:33:50"
@ REFCOL               %s               "name"
@ DIRECTION            %le                    1
@ OBSERVE              %le                    1
@ ENERGY               %le          1.098272088
@ DELTAP               %le                    0
@ LENGTH               %le               157.08
@ ALFAP                %le        0.06272426458
@ Q1                   %le          4.233899971
@ Q2                   %le          4.139999963
@ Q3                   %le                    0
@ DQ1                  %le           -6.5069639
@ DQ2                  %le         -12.90078155
@ DQ3                  %le                    0
* NAME                                INDEX                 KIND                    S                 BETX                 ALFX                 BETY                 ALFY                  MUX                  MUY                    X                   PX                    Y                   PY                   DX                  DPX                   DY                  DPY                  R11                  R12                  R21                  R22                  K1L                  K2L                  K3L                  K4L                  K5L                 K1SL                 K2SL                 K3SL                 K4SL                 K5SL
$ %s                                     %d                   %s                  %le                  %le                  %le                  %le                  %le                  %le                  %le                  %le                  %le                  %le                  %le                  %le                  %le                  %le                  %le                  %le                  %le                  %le                  %le                  %le                  %le                  %le                  %le                  %le                  %le                  %le                  %le                  %le                  %le
  "BR3.BPM1L3"                            0            "monitor"             5.467797          5.453954139          1.726665582          11.47764774         -4.398134371         0.1421643707         0.1690397702                    0                    0                    0                    0         -2.776452392         0.7681090831                    0                    0                    0                    0                    0                    0                    0                    0                    0                    0                    0                    0                    0                    0                    0                    0
  "BR3.BPM2L3"                            1            "monitor"            15.285302          5.665208938          1.770849875          11.03638155         -4.187947086         0.4087707062         0.4242346705                    0                    0                    0                    0         -2.892409693          0.816541823                    0                    0                    0                    0                    0                    0                    0                    0                    0                    0                    0                    0                    0                    0                    0                    0
  "BR3.BPM3L3"                            2            "monitor"            25.102807          5.676127124          1.781610822          11.03681261         -4.227974556         0.6695250398         0.6894627672                    0                    0                    0                    0         -2.894443919         0.8199621761                    0                    0                    0                    0                    0                    0                    0                    0                    0                    0                    0                    0                    0                    0                    0                    0
  "BR3.BPM4L3"                            3            "monitor"            34.920312          5.431510824          1.704613692          11.47734903         -4.353925828         0.9343772969         0.9446522563                    0                    0                    0                    0         -2.799739321         0.8072087613                    0                    0                    0                    0                    0                    0                    0                    0                    0                    0                    0                    0                    0                    0                    0                    0
  "BR3.BPM5L3"                            4            "monitor"            44.737806          5.671753777          1.788400361          11.08996857         -4.252186035          1.198558075           1.20683876                    0                    0                    0                    0         -2.714555251         0.7618753381                    0                    0                    0                    0                    0                    0                    0                    0                    0                    0                    0                    0                    0                    0                    0                    0
  "BR3.BPM6L3"                            5            "monitor"            54.555311          5.444218766          1.700730037           11.4197278         -4.328542644          1.464685801          1.461441544                    0                    0                    0                    0          -2.82511295         0.7830692434                    0                    0                    0                    0                    0                    0                    0                    0                    0                    0                    0                    0                    0                    0                    0                    0
  "BR3.BPM7L3"                            6            "monitor"            64.372816           5.65112633          1.789238255          11.15145286         -4.278461483          1.727656211          1.724125068                    0                    0                    0                    0         -2.889712193         0.8244565419                    0                    0                    0                    0                    0                    0                    0                    0                    0                    0                    0                    0                    0                    0                    0                    0
  "BR3.BPM8L3"                            7            "monitor"            74.190321          5.471949683          1.702945964           11.3553333         -4.301726313           1.99488097          1.978321344                    0                    0                    0                    0         -2.767118704         0.7955568718                    0                    0                    0                    0                    0                    0                    0                    0                    0                    0                    0                    0                    0                    0                    0                    0
  "BR3.BPM9L3"                            8            "monitor"            84.007826          5.617114926          1.784016447          11.21836042         -4.305579479          2.256896946          2.241311915                    0                    0                    0                    0         -2.725336574         0.7595503543                    0                    0                    0                    0                    0                    0                    0                    0                    0                    0                    0                    0                    0                    0                    0                    0
  "BR3.BPM10L3"                           9            "monitor"             93.82532          5.510961711          1.710971573          11.28692967         -4.274668186          2.524890119          2.495300434                    0                    0                    0                    0         -2.855709325         0.7951540889                    0                    0                    0                    0                    0                    0                    0                    0                    0                    0                    0                    0                    0                    0                    0                    0
  "BR3.BPM11L3"                          10            "monitor"           103.642825          5.574429314          1.773459963          11.28753508         -4.332279322          2.786340066          2.758394345                    0                    0                    0                    0         -2.873210272         0.8245315324                    0                    0                    0                    0                    0                    0                    0                    0                    0                    0                    0                    0                    0                    0                    0                    0
  "BR3.BPM12L3"                          11            "monitor"            113.46033          5.555817313          1.723688019          11.21783811         -4.248645133          3.054669436          3.012383877                    0                    0                    0                    0         -2.739579376          0.783458129                    0                    0                    0                    0                    0                    0                    0                    0                    0                    0                    0                    0                    0                    0                    0                    0
  "BR3.BPM13L3"                          12            "monitor"           123.277835          5.528859577          1.759003699          11.35599825         -4.357376525          3.316020221          3.275372757                    0                    0                    0                    0         -2.746950448         0.7617280746                    0                    0                    0                    0                    0                    0                    0                    0                    0                    0                    0                    0                    0                    0                    0                    0
  "BR3.BPM14L3"                          13            "monitor"           133.095339          5.600386507           1.73935478          11.15112399         -4.224829249          3.584207046          3.529571545                    0                    0                    0                    0         -2.879200651         0.8068473625                    0                    0                    0                    0                    0                    0                    0                    0                    0                    0                    0                    0                    0                    0                    0                    0
  "BR3.BPM15L3"                          14            "monitor"           142.912834           5.48674276          1.742650172          11.42042676          -4.37968367           3.84593901          3.792251627                    0                    0                    0                    0         -2.847205652         0.8201767279                    0                    0                    0                    0                    0                    0                    0                    0                    0                    0                    0                    0                    0                    0                    0                    0
  "BR3.BPM16L3"                          15            "monitor"           152.730339          5.638566485          1.755823134          11.08977981         -4.204298765          4.113524272          4.046858484                    0                    0                    0                    0         -2.720906014         0.7725755986                    0                    0                    0                    0                    0                    0                    0                    0                    0                    0                    0                    0                    0                    0                    0                    0
