@ NAME                 %s               "PSB3"
@ TYPE                 %s              "twiss"
@ TITLE                %n                  nil
@ ORIGIN               %s "MAD 1.1.15 Linux 64"
@ DATE                 %s           "14/09/26"
@ TIME                 %s           "11:31:54"
@ REFCOL               %s               "name"
@ DIRECTION            %le                    1
@ OBSERVE              %le                    1
@ ENERGY               %le          1.098272088
@ DELTAP               %le                    0
@ LENGTH               %le               157.08
@ ALFAP                %le        0.06286907431
@ Q1                   %le               4.2298
@ Q2                   %le          4.131900001
@ Q3                   %le                    0
@ DQ1                  %le         -6.498368324
@ DQ2                  %le         -12.80636021
@ DQ3                  %le                    0
* NAME                                INDEX                 KIND                    S                 BETX                 ALFX                 BETY                 ALFY                  MUX                  MUY                    X                   PX                    Y                   PY                   DX                  DPX                   DY                  DPY                  R11                  R12                  R21                  R22                  K1L                  K2L                  K3L                  K4L                  K5L                 K1SL                 K2SL                 K3SL                 K4SL                 K5SL
$ %s                                     %d                   %s                  %le                  %le                  %le                  %le                  %le                  %le                  %le                  %le                  %le                  %le                  %le                  %le                  %le                  %le                  %le                  %le                  %le                  %le                  %le                  %le                  %le                  %le                  %le                  %le                  %le                  %le                  %le                  %le                  %le
  "BR3.BPM1L3"                            0            "monitor"             5.467797          5.460531321          1.727033929           11.4773356         -4.393571323         0.1419706316         0.1688717287                    0                    0                    0                    0         -2.780333491         0.7682189315                    0                    0                    0                    0                    0                    0                    0                    0                    0                    0                    0                    0                    0                    0                    0                    0
  "BR3.BPM2L3"                            1            "monitor"            15.285302          5.668593902          1.769356203          11.03219553         -4.177752875         0.4083815137         0.4232062074                    0                    0                    0                    0         -2.898194109         0.8170790266                    0                    0                    0                    0                    0                    0                    0                    0                    0                    0                    0                    0                    0                    0                    0                    0
  "BR3.BPM3L3"                            2            "monitor"            25.102807          5.680993924           1.78157403           11.0324649         -4.222219666         0.6688192831         0.6883361232                    0                    0                    0                    0         -2.900536632         0.8210168631                    0                    0                    0                    0                    0                    0                    0                    0                    0                    0                    0                    0                    0                    0                    0                    0
  "BR3.BPM4L3"                            3            "monitor"            34.920312          5.436911769          1.703827533          11.47721886         -4.345145316         0.9334942019         0.9426677297                    0                    0                    0                    0          -2.80379717         0.8076162421                    0                    0                    0                    0                    0                    0                    0                    0                    0                    0                    0                    0                    0                    0                    0                    0
  "BR3.BPM5L3"                            4            "monitor"            44.737806          5.675756597          1.787912575          11.08729023           -4.2468314          1.197351619          1.204676513                    0                    0                    0                    0         -2.718792091         0.7620498184                    0                    0                    0                    0                    0                    0                    0                    0                    0                    0                    0                    0                    0                    0                    0                    0
  "BR3.BPM6L3"                            5            "monitor"            54.555311          5.450151195           1.70030522          11.41841718         -4.319531876          1.463271653          1.458452589                    0                    0                    0                    0          -2.83107746         0.7837875174                    0                    0                    0                    0                    0                    0                    0                    0                    0                    0                    0                    0                    0                    0                    0                    0
  "BR3.BPM7L3"                            6            "monitor"            64.372816          5.654932849          1.788495499          11.14953057          -4.27319848          1.725950568          1.720930805                    0                    0                    0                    0         -2.895537781         0.8253765976                    0                    0                    0                    0                    0                    0                    0                    0                    0                    0                    0                    0                    0                    0                    0                    0
  "BR3.BPM8L3"                            7            "monitor"            74.190321          5.477761175          1.702660228          11.35361671         -4.292728438          1.992936793          1.974323632                    0                    0                    0                    0         -2.771450162         0.7960295457                    0                    0                    0                    0                    0                    0                    0                    0                    0                    0                    0                    0                    0                    0                    0                    0
  "BR3.BPM9L3"                            8            "monitor"            84.007826          5.621322591          1.783252549            11.216575         -4.300234646          2.254688987          2.237090947                    0                    0                    0                    0         -2.729685397         0.7598100007                    0                    0                    0                    0                    0                    0                    0                    0                    0                    0                    0                    0                    0                    0                    0                    0
  "BR3.BPM10L3"                           9            "monitor"             93.82532          5.516145722          1.710594563          11.28525753         -4.265784097           2.52242147          2.490288249                    0                    0                    0                    0         -2.861414507         0.7957840972                    0                    0                    0                    0                    0                    0                    0                    0                    0                    0                    0                    0                    0                    0                    0                    0
  "BR3.BPM11L3"                          10            "monitor"           103.642825           5.57942341          1.772887162           11.2856152         -4.326825839           2.78362298          2.753152926                    0                    0                    0                    0         -2.879069902         0.8254215034                    0                    0                    0                    0                    0                    0                    0                    0                    0                    0                    0                    0                    0                    0                    0                    0
  "BR3.BPM12L3"                          11            "monitor"            113.46033          5.560133045          1.723039046            11.216297         -4.239827913          3.051684647          3.006350837                    0                    0                    0                    0         -2.744110782         0.7840248144                    0                    0                    0                    0                    0                    0                    0                    0                    0                    0                    0                    0                    0                    0                    0                    0
  "BR3.BPM13L3"                          12            "monitor"           123.277835          5.534721371          1.758759517          11.35404358         -4.351933074          3.312785237          3.269117258                    0                    0                    0                    0         -2.751139938         0.7619616277                    0                    0                    0                    0                    0                    0                    0                    0                    0                    0                    0                    0                    0                    0                    0                    0
  "BR3.BPM14L3"                          13            "monitor"           133.095339          5.603918362          1.738348755          11.14942964         -4.215891667          3.580714949          3.522511407                    0                    0                    0                    0         -2.884804674          0.807395149                    0                    0                    0                    0                    0                    0                    0                    0                    0                    0                    0                    0                    0                    0                    0                    0
  "BR3.BPM15L3"                          14            "monitor"           142.912834          5.493225367           1.74276091          11.41890016          -4.37450121          3.842177622          3.784987734                    0                    0                    0                    0          -2.85331884         0.8211455065                    0                    0                    0                    0                    0                    0                    0                    0                    0                    0                    0                    0                    0                    0                    0                    0
  "BR3.BPM16L3"                          15            "monitor"           152.730339          5.641711485          1.754495661          11.08730114         -4.194932512          4.109531921          4.038765969                    0                    0                    0                    0         -2.725408415         0.7731960575                    0                    0                    0                    0                    0                    0                    0                    0                    0                    0                    0                    0                    0                    0                    0                    0
