@ NAME                 %s               "PSB3"
@ TYPE                 %s              "twiss"
@ TITLE                %n                  nil
@ ORIGIN               %s "MAD 1.1.15 Linux 64"
@ DATE                 %s           "14/09/26"
@ TIME                 %s           "11:31:53"
@ REFCOL               %s               "name"
@ DIRECTION            %le                    1
@ OBSERVE              %le                    1
@ ENERGY               %le          1.098272088
@ DELTAP               %le                    0
@ LENGTH               %le               157.08
@ ALFAP                %le        0.06319600511
@ Q1                   %le          4.233286834
@ Q2                   %le          4.128359994
@ Q3                   %le                    0
@ DQ1                  %le          -6.49755169
@ DQ2                  %le         -12.81211455
@ DQ3                  %le                    0
* NAME                                INDEX                 KIND                    S                 BETX                 ALFX                 BETY                 ALFY                  MUX                  MUY                    X                   PX                    Y                   PY                   DX                  DPX                   DY                  DPY                  R11                  R12                  R21                  R22                  K1L                  K2L                  K3L                  K4L                  K5L                 K1SL                 K2SL                 K3SL                 K4SL                 K5SL
$ %s                                     %d                   %s                  %le                  %le                  %le                  %le                  %le                  %le                  %le                  %le                  %le                  %le                  %le                  %le                  %le                  %le                  %le                  %le                  %le                  %le                  %le                  %le                  %le                  %le                  %le                  %le                  %le                  %le                  %le                  %le                  %le
  "BR3.BPM1L3"                            0            "monitor"             5.467797          5.557352997          1.744211438          11.26267554         -4.287680145         0.1418879766          0.167272535                    0                    0                    0                    0         -2.809180357         0.7928813327                    0                    0                    0                    0                    0                    0                    0                    0                    0                    0                    0                    0                    0                    0                    0                    0
  "BR3.BPM2L3"                            1            "monitor"            15.285302          5.557335555          1.744207801          11.26271933          -4.28768904          0.406468547         0.4252951004                    0                    0                    0                    0          -2.80917633         0.7928812377                    0                    0                    0                    0                    0                    0                    0                    0                    0                    0                    0                    0                    0                    0                    0                    0
  "BR3.BPM3L3"                            2            "monitor"            25.102807          5.557318113          1.744204164          11.26276151         -4.287697428         0.6710491173         0.6833176753                    0                    0                    0                    0          -2.80917264         0.7928812985                    0                    0                    0                    0                    0                    0                    0                    0                    0                    0                    0                    0                    0                    0                    0                    0
  "BR3.BPM4L3"                            3            "monitor"            34.920312           5.55730067          1.744200527          11.26280488         -4.287706187         0.9356296876         0.9413402429                    0                    0                    0                    0         -2.809168939         0.7928814534                    0                    0                    0                    0                    0                    0                    0                    0                    0                    0                    0                    0                    0                    0                    0                    0
  "BR3.BPM5L3"                            4            "monitor"            44.737806          5.557321601          1.744204891          11.26275298         -4.287695726          1.200209943          1.199362661                    0                    0                    0                    0         -2.809173272         0.7928813611                    0                    0                    0                    0                    0                    0                    0                    0                    0                    0                    0                    0                    0                    0                    0                    0
  "BR3.BPM6L3"                            5            "monitor"            54.555311          5.557304159          1.744201254          11.26279641         -4.287704481          1.464790513          1.457385227                    0                    0                    0                    0         -2.809168972         0.7928811553                    0                    0                    0                    0                    0                    0                    0                    0                    0                    0                    0                    0                    0                    0                    0                    0
  "BR3.BPM7L3"                            6            "monitor"            64.372816          5.557286717          1.744197617          11.26283868         -4.287712901          1.729371084          1.715407801                    0                    0                    0                    0         -2.809165444         0.7928812204                    0                    0                    0                    0                    0                    0                    0                    0                    0                    0                    0                    0                    0                    0                    0                    0
  "BR3.BPM8L3"                            7            "monitor"            74.190321          5.557269275          1.744193981          11.26288196         -4.287721631          1.993951654          1.973430368                    0                    0                    0                    0         -2.809161987         0.7928814853                    0                    0                    0                    0                    0                    0                    0                    0                    0                    0                    0                    0                    0                    0                    0                    0
  "BR3.BPM9L3"                            8            "monitor"            84.007826          5.557251833          1.744190344          11.26292447         -4.287730129          2.258532224           2.23145294                    0                    0                    0                    0         -2.809157392         0.7928813686                    0                    0                    0                    0                    0                    0                    0                    0                    0                    0                    0                    0                    0                    0                    0                    0
  "BR3.BPM10L3"                           9            "monitor"             93.82532          5.557272763          1.744194708          11.26287347          -4.28771996           2.52311248          2.489475354                    0                    0                    0                    0         -2.809161907          0.792881193                    0                    0                    0                    0                    0                    0                    0                    0                    0                    0                    0                    0                    0                    0                    0                    0
  "BR3.BPM11L3"                          10            "monitor"           103.642825          5.557255321          1.744191071          11.26291579          -4.28772835           2.78769305          2.747497923                    0                    0                    0                    0         -2.809158366         0.7928812708                    0                    0                    0                    0                    0                    0                    0                    0                    0                    0                    0                    0                    0                    0                    0                    0
  "BR3.BPM12L3"                          11            "monitor"            113.46033           5.55723788          1.744187434          11.26295935         -4.287737235           3.05227362          3.005520495                    0                    0                    0                    0         -2.809154818         0.7928815032                    0                    0                    0                    0                    0                    0                    0                    0                    0                    0                    0                    0                    0                    0                    0                    0
  "BR3.BPM13L3"                          12            "monitor"           123.277835          5.557220438          1.744183797          11.26300153         -4.287745559          3.316854191          3.263543064                    0                    0                    0                    0         -2.809150253         0.7928813798                    0                    0                    0                    0                    0                    0                    0                    0                    0                    0                    0                    0                    0                    0                    0                    0
  "BR3.BPM14L3"                          13            "monitor"           133.095339          5.557206484          1.744180888          11.26303654         -4.287752724          3.581434732          3.521565621                    0                    0                    0                    0         -2.809146775           0.79288117                    0                    0                    0                    0                    0                    0                    0                    0                    0                    0                    0                    0                    0                    0                    0                    0
  "BR3.BPM15L3"                          14            "monitor"           142.912834          5.557223926          1.744184525          11.26299294         -4.287743842          3.846015016          3.779588049                    0                    0                    0                    0         -2.809151396         0.7928813318                    0                    0                    0                    0                    0                    0                    0                    0                    0                    0                    0                    0                    0                    0                    0                    0
  "BR3.BPM16L3"                          15            "monitor"           152.730339          5.557206484          1.744180888          11.26303669         -4.287752754          4.110595586          4.037610618                    0                    0                    0                    0         -2.809147468         0.7928814441                    0                    0                    0                    0                    0                    0                    0                    0                    0                    0                    0                    0                    0                    0                    0                    0
