@ NAME                 %s               "PSB3"
@ TYPE                 %s              "twiss"
@ TITLE                %n                  nil
@ ORIGIN               %s "MAD 1.1.14 Linux 64"
@ DATE                 %s           "31/08/26"
@ TIME                 %s           "02:58:40"
@ REFCOL               %s               "name"
@ DIRECTION            %le                    1
@ OBSERVE              %le                    1
@ ENERGY               %le          1.098272088
@ DELTAP               %le                    0
@ LENGTH               %le               157.08
@ ALFAP                %le        0.06515628444
@ Q1                   %le          4.173100095
@ Q2                   %le          4.229003029
@ Q3                   %le                    0
@ DQ1                  %le         -6.455309202
@ DQ2                  %le         -13.05249506
@ DQ3                  %le                    0
* NAME                                INDEX                 KIND                    S                 BETX                 ALFX                 BETY                 ALFY                  MUX                  MUY                    X                   PX                    Y                   PY                   DX                  DPX                   DY                  DPY                  R11                  R12                  R21                  R22                  K1L                  K2L                  K3L                  K4L                  K5L                 K1SL                 K2SL                 K3SL                 K4SL                 K5SL
$ %s                                     %d                   %s                  %le                  %le                  %le                  %le                  %le                  %le                  %le                  %le                  %le                  %le                  %le                  %le                  %le                  %le                  %le                  %le                  %le                  %le                  %le                  %le                  %le                  %le                  %le                  %le                  %le                  %le                  %le                  %le                  %le
  "BR3.BPM1L3"                            0            "monitor"             5.467797          5.606229982          1.762331992          11.21999514          -4.29271288         0.1394784222          0.172148808                    0                    0                    0                    0         -2.883629996         0.8168754008                    0                    0                    0                    0                    0                    0                    0                    0                    0                    0                    0                    0                    0                    0                    0                    0
  "BR3.BPM2L3"                            1            "monitor"            15.285302          5.606212359           1.76232833          11.22003879          -4.29272176         0.4002973201         0.4364615637                    0                    0                    0                    0         -2.883625749         0.8168752431                    0                    0                    0                    0                    0                    0                    0                    0                    0                    0                    0                    0                    0                    0                    0                    0
  "BR3.BPM3L3"                            2            "monitor"            25.102807          5.606194736          1.762324668          11.22008126         -4.292730288         0.6611162179         0.7007743285                    0                    0                    0                    0         -2.883622121         0.8168753446                    0                    0                    0                    0                    0                    0                    0                    0                    0                    0                    0                    0                    0                    0                    0                    0
  "BR3.BPM4L3"                            3            "monitor"            34.920312          5.606177112          1.762321006           11.2201244         -4.292738996         0.9219351158         0.9650870861                    0                    0                    0                    0         -2.883618391         0.8168755602                    0                    0                    0                    0                    0                    0                    0                    0                    0                    0                    0                    0                    0                    0                    0                    0
  "BR3.BPM5L3"                            4            "monitor"            44.737806           5.60619826          1.762325401          11.22007274         -4.292728585          1.182753701          1.229399693                    0                    0                    0                    0         -2.883622684         0.8168754252                    0                    0                    0                    0                    0                    0                    0                    0                    0                    0                    0                    0                    0                    0                    0                    0
  "BR3.BPM6L3"                            5            "monitor"            54.555311          5.606180637          1.762321739          11.22011589         -4.292737268          1.443572599           1.49371245                    0                    0                    0                    0         -2.883618178         0.8168751604                    0                    0                    0                    0                    0                    0                    0                    0                    0                    0                    0                    0                    0                    0                    0                    0
  "BR3.BPM7L3"                            6            "monitor"            64.372816          5.606163014          1.762318077          11.22015858         -4.292745876          1.704391497          1.758025213                    0                    0                    0                    0         -2.883614711         0.8168752682                    0                    0                    0                    0                    0                    0                    0                    0                    0                    0                    0                    0                    0                    0                    0                    0
  "BR3.BPM8L3"                            7            "monitor"            74.190321          5.606145391          1.762314415          11.22020152         -4.292754515          1.965210395          2.022337971                    0                    0                    0                    0         -2.883611218         0.8168755901                    0                    0                    0                    0                    0                    0                    0                    0                    0                    0                    0                    0                    0                    0                    0                    0
  "BR3.BPM9L3"                            8            "monitor"            84.007826          5.606127767          1.762310753          11.22024448         -4.292763206          2.226029293          2.286650732                    0                    0                    0                    0         -2.883606333         0.8168754343                    0                    0                    0                    0                    0                    0                    0                    0                    0                    0                    0                    0                    0                    0                    0                    0
  "BR3.BPM10L3"                           9            "monitor"             93.82532          5.606148915          1.762315147          11.22019303         -4.292752842          2.486847878          2.550963336                    0                    0                    0                    0         -2.883610902         0.8168752011                    0                    0                    0                    0                    0                    0                    0                    0                    0                    0                    0                    0                    0                    0                    0                    0
  "BR3.BPM11L3"                          10            "monitor"           103.642825          5.606131292          1.762311486          11.22023576         -4.292761402          2.747666776          2.815276094                    0                    0                    0                    0          -2.88360741         0.8168753168                    0                    0                    0                    0                    0                    0                    0                    0                    0                    0                    0                    0                    0                    0                    0                    0
  "BR3.BPM12L3"                          11            "monitor"            113.46033          5.606113669          1.762307824          11.22027906         -4.292770243          3.008485674          3.079588857                    0                    0                    0                    0         -2.883603831          0.816875606                    0                    0                    0                    0                    0                    0                    0                    0                    0                    0                    0                    0                    0                    0                    0                    0
  "BR3.BPM13L3"                          12            "monitor"           123.277835          5.606096046          1.762304162          11.22032154         -4.292778694          3.269304572          3.343901615                    0                    0                    0                    0         -2.883598982         0.8168754467                    0                    0                    0                    0                    0                    0                    0                    0                    0                    0                    0                    0                    0                    0                    0                    0
  "BR3.BPM14L3"                          13            "monitor"           133.095339          5.606081947          1.762301232          11.22035639         -4.292785842          3.530123442          3.608214363                    0                    0                    0                    0         -2.883595314         0.8168751791                    0                    0                    0                    0                    0                    0                    0                    0                    0                    0                    0                    0                    0                    0                    0                    0
  "BR3.BPM15L3"                          14            "monitor"           142.912834          5.606099571          1.762304894           11.2203129         -4.292776954          3.790942056           3.87252698                    0                    0                    0                    0         -2.883600217         0.8168753748                    0                    0                    0                    0                    0                    0                    0                    0                    0                    0                    0                    0                    0                    0                    0                    0
  "BR3.BPM16L3"                          15            "monitor"           152.730339          5.606081947          1.762301232          11.22035656         -4.292785877          4.051760953           4.13683974                    0                    0                    0                    0         -2.883596272         0.8168755483                    0                    0                    0                    0                    0                    0                    0                    0                    0                    0                    0                    0                    0                    0                    0                    0
