@ NAME                 %s               "PSB3"
@ TYPE                 %s              "twiss"
@ TITLE                %n                  nil
@ ORIGIN               %s "MAD 1.1.14 Linux 64"
@ DATE                 %s           "31/08/26"
@ TIME                 %s           "02:58:40"
@ REFCOL               %s               "name"
@ DIRECTION            %le                    1
@ OBSERVE              %le                    1
@ ENERGY               %le          1.098272088
@ DELTAP               %le                    0
@ LENGTH               %le               157.08
@ ALFAP                %le        0.06474280358
@ Q1                   %le          4.169599972
@ Q2                   %le          4.232499962
@ Q3                   %le                    0
@ DQ1                  %le         -6.456509262
@ DQ2                  %le         -13.04360957
@ DQ3                  %le                    0
* NAME                                INDEX                 KIND                    S                 BETX                 ALFX                 BETY                 ALFY                  MUX                  MUY                    X                   PX                    Y                   PY                   DX                  DPX                   DY                  DPY                  R11                  R12                  R21                  R22                  K1L                  K2L                  K3L                  K4L                  K5L                 K1SL                 K2SL                 K3SL                 K4SL                 K5SL
$ %s                                     %d                   %s                  %le                  %le                  %le                  %le                  %le                  %le                  %le                  %le                  %le                  %le                  %le                  %le                  %le                  %le                  %le                  %le                  %le                  %le                  %le                  %le                  %le                  %le                  %le                  %le                  %le                  %le                  %le                  %le                  %le
  "BR3.BPM1L3"                            0            "monitor"             5.467797          5.526312421          1.757507368          11.45176652         -4.389951521         0.1386898642         0.1718475489                    0                    0                    0                    0         -2.827623466         0.7798034287                    0                    0                    0                    0                    0                    0                    0                    0                    0                    0                    0                    0                    0                    0                    0                    0
  "BR3.BPM2L3"                            1            "monitor"            15.285302          5.704297949          1.775025824          10.98026845         -4.196212606         0.4025661982         0.4351017288                    0                    0                    0                    0         -2.996309659         0.8436529846                    0                    0                    0                    0                    0                    0                    0                    0                    0                    0                    0                    0                    0                    0                    0                    0
  "BR3.BPM3L3"                            2            "monitor"            25.102807          5.742162177          1.812209645          10.98079773          -4.20614908         0.6578926878         0.7036949949                    0                    0                    0                    0         -3.004999058         0.8581915982                    0                    0                    0                    0                    0                    0                    0                    0                    0                    0                    0                    0                    0                    0                    0                    0
  "BR3.BPM4L3"                            3            "monitor"            34.920312          5.480375083          1.712452564           11.4510318         -4.372336591          0.920103933         0.9669193376                    0                    0                    0                    0         -2.857693463         0.8301117913                    0                    0                    0                    0                    0                    0                    0                    0                    0                    0                    0                    0                    0                    0                    0                    0
  "BR3.BPM5L3"                            4            "monitor"            44.737806          5.726479709          1.813446754          11.01589826          -4.22685524          1.179043835          1.232903991                    0                    0                    0                    0          -2.76576754         0.7737610584                    0                    0                    0                    0                    0                    0                    0                    0                    0                    0                    0                    0                    0                    0                    0                    0
  "BR3.BPM6L3"                            5            "monitor"            54.555311          5.500605985           1.71308066          11.40187742         -4.346933771          1.442200292          1.495022369                    0                    0                    0                    0         -2.925553428         0.8094959221                    0                    0                    0                    0                    0                    0                    0                    0                    0                    0                    0                    0                    0                    0                    0                    0
  "BR3.BPM7L3"                            6            "monitor"            64.372816          5.702047906          1.810959728          11.07757987          -4.25614717          1.700269941          1.761983924                    0                    0                    0                    0         -2.995772608         0.8609920884                    0                    0                    0                    0                    0                    0                    0                    0                    0                    0                    0                    0                    0                    0                    0                    0
  "BR3.BPM8L3"                            7            "monitor"            74.190321          5.528685067          1.717359437          11.32990285         -4.314747019          1.964199531          2.023277071                    0                    0                    0                    0         -2.826439519         0.8182616546                    0                    0                    0                    0                    0                    0                    0                    0                    0                    0                    0                    0                    0                    0                    0                    0
  "BR3.BPM9L3"                            8            "monitor"            84.007826          5.670699391          1.804939002          11.15786572         -4.290258909          2.221600679          2.290876415                    0                    0                    0                    0         -2.779215529         0.7725703202                    0                    0                    0                    0                    0                    0                    0                    0                    0                    0                    0                    0                    0                    0                    0                    0
  "BR3.BPM10L3"                           9            "monitor"             93.82532          5.562622028          1.724989689          11.24414238          -4.27986064          2.486074635          2.551731331                    0                    0                    0                    0         -2.954963899         0.8215078897                    0                    0                    0                    0                    0                    0                    0                    0                    0                    0                    0                    0                    0                    0                    0                    0
  "BR3.BPM11L3"                          10            "monitor"           103.642825          5.634774638          1.795834702          11.24639438          -4.32480673          2.743058775          2.819548788                    0                    0                    0                    0         -2.978305112         0.8605510902                    0                    0                    0                    0                    0                    0                    0                    0                    0                    0                    0                    0                    0                    0                    0                    0
  "BR3.BPM12L3"                          11            "monitor"            113.46033          5.599847655          1.735395069          11.15576172         -4.246777986          3.007809676          3.080409489                    0                    0                    0                    0         -2.799386434         0.8063096588                    0                    0                    0                    0                    0                    0                    0                    0                    0                    0                    0                    0                    0                    0                    0                    0
  "BR3.BPM13L3"                          12            "monitor"           123.277835          5.596834477          1.784299367          11.33202215         -4.355406546          3.264659124          3.347997843                    0                    0                    0                    0          -2.80034246         0.7746350342                    0                    0                    0                    0                    0                    0                    0                    0                    0                    0                    0                    0                    0                    0                    0                    0
  "BR3.BPM14L3"                          13            "monitor"           133.095339          5.637665276          1.747819024          11.07598181         -4.219715312          3.529398517          3.609307132                    0                    0                    0                    0          -2.97912281         0.8331793944                    0                    0                    0                    0                    0                    0                    0                    0                    0                    0                    0                    0                    0                    0                    0                    0
  "BR3.BPM15L3"                          14            "monitor"           142.912834          5.559742837          1.771196519          11.40360806         -4.378104886          3.786405271          3.876247957                    0                    0                    0                    0         -2.953879569         0.8569008952                    0                    0                    0                    0                    0                    0                    0                    0                    0                    0                    0                    0                    0                    0                    0                    0
  "BR3.BPM16L3"                          15            "monitor"           152.730339          5.673321997          1.761353957          11.01495839         -4.202125459          4.050845932          4.138390928                    0                    0                    0                    0         -2.778521506         0.7951339535                    0                    0                    0                    0                    0                    0                    0                    0                    0                    0                    0                    0                    0                    0                    0                    0
