@ NAME                 %s               "PSB3"
@ TYPE                 %s              "twiss"
@ TITLE                %n                  nil
@ ORIGIN               %s "MAD 1.1.15 Linux 64"
@ DATE                 %s           "14/09/26"
@ TIME                 %s           "11:20:47"
@ REFCOL               %s               "name"
@ DIRECTION            %le                    1
@ OBSERVE              %le                    1
@ ENERGY               %le          1.098272088
@ DELTAP               %le                    0
@ LENGTH               %le               157.08
@ ALFAP                %le        0.06304782509
@ Q1                   %le          4.237406248
@ Q2                   %le          4.136508993
@ Q3                   %le                    0
@ DQ1                  %le         -6.506187127
@ DQ2                  %le         -12.85038109
@ DQ3                  %le                    0
* NAME                                INDEX                 KIND                    S                 BETX                 ALFX                 BETY                 ALFY                  MUX                  MUY                    X                   PX                    Y                   PY                   DX                  DPX                   DY                  DPY                  R11                  R12                  R21                  R22                  K1L                  K2L                  K3L                  K4L                  K5L                 K1SL                 K2SL                 K3SL                 K4SL                 K5SL
$ %s                                     %d                   %s                  %le                  %le                  %le                  %le                  %le                  %le                  %le                  %le                  %le                  %le                  %le                  %le                  %le                  %le                  %le                  %le                  %le                  %le                  %le                  %le                  %le                  %le                  %le                  %le                  %le                  %le                  %le                  %le                  %le
  "BR3.BPM1L3"                            0            "monitor"             5.467797          5.552453651          1.744759657          11.26536781         -4.295257484         0.1420267883         0.1676777703                    0                    0                    0                    0         -2.804100934         0.7923158947                    0                    0                    0                    0                    0                    0                    0                    0                    0                    0                    0                    0                    0                    0                    0                    0
  "BR3.BPM2L3"                            1            "monitor"            15.285302          5.552436203          1.744756015          11.26541165         -4.295266395         0.4068648221         0.4262096482                    0                    0                    0                    0         -2.804096916         0.7923158029                    0                    0                    0                    0                    0                    0                    0                    0                    0                    0                    0                    0                    0                    0                    0                    0
  "BR3.BPM3L3"                            2            "monitor"            25.102807          5.552418755          1.744752373          11.26545394         -4.295274822          0.671702856         0.6847415355                    0                    0                    0                    0         -2.804093219         0.7923158618                    0                    0                    0                    0                    0                    0                    0                    0                    0                    0                    0                    0                    0                    0                    0                    0
  "BR3.BPM4L3"                            3            "monitor"            34.920312          5.552401308          1.744748732          11.26549735         -4.295283595         0.9365408898         0.9432734156                    0                    0                    0                    0         -2.804089516         0.7923160136                    0                    0                    0                    0                    0                    0                    0                    0                    0                    0                    0                    0                    0                    0                    0                    0
  "BR3.BPM5L3"                            4            "monitor"            44.737806          5.552422245          1.744753102          11.26544539         -4.295273115          1.201378608          1.201805146                    0                    0                    0                    0         -2.804093856         0.7923159234                    0                    0                    0                    0                    0                    0                    0                    0                    0                    0                    0                    0                    0                    0                    0                    0
  "BR3.BPM6L3"                            5            "monitor"            54.555311          5.552404797           1.74474946          11.26548886         -4.295281883          1.466216642          1.460337024                    0                    0                    0                    0         -2.804089563         0.7923157204                    0                    0                    0                    0                    0                    0                    0                    0                    0                    0                    0                    0                    0                    0                    0                    0
  "BR3.BPM7L3"                            6            "monitor"            64.372816           5.55238735          1.744745818          11.26553125         -4.295290345          1.731054676          1.718868911                    0                    0                    0                    0         -2.804086028         0.7923157834                    0                    0                    0                    0                    0                    0                    0                    0                    0                    0                    0                    0                    0                    0                    0                    0
  "BR3.BPM8L3"                            7            "monitor"            74.190321          5.552369902          1.744742176          11.26557456         -4.295299086           1.99589271           1.97740079                    0                    0                    0                    0          -2.80408257         0.7923160457                    0                    0                    0                    0                    0                    0                    0                    0                    0                    0                    0                    0                    0                    0                    0                    0
  "BR3.BPM9L3"                            8            "monitor"            84.007826          5.552352455          1.744738535          11.26561719         -4.295307627          2.260730744          2.235932675                    0                    0                    0                    0         -2.804077987         0.7923159309                    0                    0                    0                    0                    0                    0                    0                    0                    0                    0                    0                    0                    0                    0                    0                    0
  "BR3.BPM10L3"                           9            "monitor"             93.82532          5.552373392          1.744742905          11.26556605          -4.29529741          2.525568462          2.494464401                    0                    0                    0                    0         -2.804082503         0.7923157579                    0                    0                    0                    0                    0                    0                    0                    0                    0                    0                    0                    0                    0                    0                    0                    0
  "BR3.BPM11L3"                          10            "monitor"           103.642825          5.552355945          1.744739263           11.2656085         -4.295305842          2.790406496          2.752996282                    0                    0                    0                    0         -2.804078956          0.792315834                    0                    0                    0                    0                    0                    0                    0                    0                    0                    0                    0                    0                    0                    0                    0                    0
  "BR3.BPM12L3"                          11            "monitor"            113.46033          5.552338497          1.744735621          11.26565209          -4.29531474           3.05524453          3.011528167                    0                    0                    0                    0         -2.804075406         0.7923160637                    0                    0                    0                    0                    0                    0                    0                    0                    0                    0                    0                    0                    0                    0                    0                    0
  "BR3.BPM13L3"                          12            "monitor"           123.277835           5.55232105          1.744731979          11.26569438         -4.295323103          3.320082564          3.270060048                    0                    0                    0                    0         -2.804070852         0.7923159419                    0                    0                    0                    0                    0                    0                    0                    0                    0                    0                    0                    0                    0                    0                    0                    0
  "BR3.BPM14L3"                          13            "monitor"           133.095339          5.552307092          1.744729066          11.26572942         -4.295330279          3.584920569          3.528591918                    0                    0                    0                    0         -2.804067381         0.7923157348                    0                    0                    0                    0                    0                    0                    0                    0                    0                    0                    0                    0                    0                    0                    0                    0
  "BR3.BPM15L3"                          14            "monitor"           142.912834          5.552324539          1.744732708          11.26568578         -4.295321379          3.849758316          3.787123659                    0                    0                    0                    0         -2.804071992         0.7923158952                    0                    0                    0                    0                    0                    0                    0                    0                    0                    0                    0                    0                    0                    0                    0                    0
  "BR3.BPM16L3"                          15            "monitor"           152.730339          5.552307092          1.744729066          11.26572957         -4.295330309           4.11459635          4.045655541                    0                    0                    0                    0         -2.804068061         0.7923160045                    0                    0                    0                    0                    0                    0                    0                    0                    0                    0                    0                    0                    0                    0                    0                    0
