@ NAME                 %s               "PSB3"
@ TYPE                 %s              "twiss"
@ TITLE                %n                  nil
@ ORIGIN               %s "MAD 1.1.15 Linux 64"
@ DATE                 %s           "14/09/26"
@ TIME                 %s           "11:20:48"
@ REFCOL               %s               "name"
@ DIRECTION            %le                    1
@ OBSERVE              %le                    1
@ ENERGY               %le          1.098272088
@ DELTAP               %le                    0
@ LENGTH               %le               157.08
@ ALFAP                %le        0.06272437435
@ Q1                   %le               4.2339
@ Q2                   %le          4.140000001
@ Q3                   %le                    0
@ DQ1                  %le         -6.507017652
@ DQ2                  %le         -12.84406601
@ DQ3                  %le                    0
* NAME                                INDEX                 KIND                    S                 BETX                 ALFX                 BETY                 ALFY                  MUX                  MUY                    X                   PX                    Y                   PY                   DX                  DPX                   DY                  DPY                  R11                  R12                  R21                  R22                  K1L                  K2L                  K3L                  K4L                  K5L                 K1SL                 K2SL                 K3SL                 K4SL                 K5SL
$ %s                                     %d                   %s                  %le                  %le                  %le                  %le                  %le                  %le                  %le                  %le                  %le                  %le                  %le                  %le                  %le                  %le                  %le                  %le                  %le                  %le                  %le                  %le                  %le                  %le                  %le                  %le                  %le                  %le                  %le                  %le                  %le
  "BR3.BPM1L3"                            0            "monitor"             5.467797          5.453938973          1.726681994          11.47800552         -4.398351314         0.1421641152         0.1690407549                    0                    0                    0                    0         -2.776451328         0.7681187281                    0                    0                    0                    0                    0                    0                    0                    0                    0                    0                    0                    0                    0                    0                    0                    0
  "BR3.BPM2L3"                            1            "monitor"            15.285302           5.66519291          1.770866754          11.03672306         -4.188154953          0.408770459         0.4242356758                    0                    0                    0                    0         -2.892408585         0.8165519026                    0                    0                    0                    0                    0                    0                    0                    0                    0                    0                    0                    0                    0                    0                    0                    0
  "BR3.BPM3L3"                            2            "monitor"            25.102807          5.676111149          1.781627748          11.03715657         -4.228183342         0.6695247953         0.6894637735                    0                    0                    0                    0         -2.894442824         0.8199722698                    0                    0                    0                    0                    0                    0                    0                    0                    0                    0                    0                    0                    0                    0                    0                    0
  "BR3.BPM4L3"                            3            "monitor"            34.920312          5.431495538          1.704629995          11.47770411         -4.354141755         0.9343770456         0.9446532492                    0                    0                    0                    0         -2.799738437         0.8072186057                    0                    0                    0                    0                    0                    0                    0                    0                    0                    0                    0                    0                    0                    0                    0                    0
  "BR3.BPM5L3"                            4            "monitor"            44.737806          5.671737924          1.788417312          11.09031442         -4.252395889          1.198557834          1.206839769                    0                    0                    0                    0         -2.714554327          0.761884825                    0                    0                    0                    0                    0                    0                    0                    0                    0                    0                    0                    0                    0                    0                    0                    0
  "BR3.BPM6L3"                            5            "monitor"            54.555311          5.444203341          1.700746339          11.42008089         -4.328757433          1.464685554          1.461442543                    0                    0                    0                    0         -2.825111824         0.7830790471                    0                    0                    0                    0                    0                    0                    0                    0                    0                    0                    0                    0                    0                    0                    0                    0
  "BR3.BPM7L3"                            6            "monitor"            64.372816          5.651110629          1.789255183          11.15180079         -4.278672534          1.727655973          1.724126079                    0                    0                    0                    0         -2.889711142         0.8244666437                    0                    0                    0                    0                    0                    0                    0                    0                    0                    0                    0                    0                    0                    0                    0                    0
  "BR3.BPM8L3"                            7            "monitor"            74.190321          5.471934096           1.70296231          11.35568425         -4.301939863          1.994880727           1.97832235                    0                    0                    0                    0          -2.76711784         0.7955666004                    0                    0                    0                    0                    0                    0                    0                    0                    0                    0                    0                    0                    0                    0                    0                    0
  "BR3.BPM9L3"                            8            "monitor"            84.007826          5.617099389           1.78403331          11.21871053           -4.3057918          2.256896711          2.241312928                    0                    0                    0                    0         -2.725335603         0.7595598548                    0                    0                    0                    0                    0                    0                    0                    0                    0                    0                    0                    0                    0                    0                    0                    0
  "BR3.BPM10L3"                           9            "monitor"             93.82532          5.510945964          1.710988003          11.28727844         -4.274880454          2.524889882          2.495301448                    0                    0                    0                    0         -2.855708188          0.795164006                    0                    0                    0                    0                    0                    0                    0                    0                    0                    0                    0                    0                    0                    0                    0                    0
  "BR3.BPM11L3"                          10            "monitor"           103.642825          5.574413929          1.773476726          11.28788737         -4.332492924          2.786339832          2.758395361                    0                    0                    0                    0          -2.87320927         0.8245415991                    0                    0                    0                    0                    0                    0                    0                    0                    0                    0                    0                    0                    0                    0                    0                    0
  "BR3.BPM12L3"                          11            "monitor"            113.46033          5.555801427           1.72370456          11.21818474         -4.248856135          3.054669203          3.012384898                    0                    0                    0                    0         -2.739578514         0.7834677506                    0                    0                    0                    0                    0                    0                    0                    0                    0                    0                    0                    0                    0                    0                    0                    0
  "BR3.BPM13L3"                          12            "monitor"           123.277835          5.528844312          1.759020342           11.3563526         -4.357591364          3.316019989          3.275373775                    0                    0                    0                    0         -2.746949428         0.7617376304                    0                    0                    0                    0                    0                    0                    0                    0                    0                    0                    0                    0                    0                    0                    0                    0
  "BR3.BPM14L3"                          13            "monitor"           133.095339           5.60037052          1.739371445          11.15146865         -4.225039061          3.584206818          3.529572573                    0                    0                    0                    0          -2.87919952         0.8068573761                    0                    0                    0                    0                    0                    0                    0                    0                    0                    0                    0                    0                    0                    0                    0                    0
  "BR3.BPM15L3"                          14            "monitor"           142.912834          5.486727572          1.742666692          11.42078299         -4.379899641          3.845938781          3.792252647                    0                    0                    0                    0         -2.847204696         0.8201867212                    0                    0                    0                    0                    0                    0                    0                    0                    0                    0                    0                    0                    0                    0                    0                    0
  "BR3.BPM16L3"                          15            "monitor"           152.730339          5.638550449          1.755839917          11.09012274         -4.204507517          4.113524049           4.04685952                    0                    0                    0                    0         -2.720905137         0.7725851375                    0                    0                    0                    0                    0                    0                    0                    0                    0                    0                    0                    0                    0                    0                    0                    0
