@ NAME                 %s               "PSB3"
@ TYPE                 %s              "twiss"
@ TITLE                %n                  nil
@ ORIGIN               %s "MAD 1.1.14 Linux 64"
@ DATE                 %s           "31/08/26"
@ TIME                 %s           "04:18:13"
@ REFCOL               %s               "name"
@ DIRECTION            %le                    1
@ OBSERVE              %le                    1
@ ENERGY               %le          1.098272088
@ DELTAP               %le                    0
@ LENGTH               %le               157.08
@ ALFAP                %le        0.06463013418
@ Q1                   %le          4.174399972
@ Q2                   %le          4.240399962
@ Q3                   %le                    0
@ DQ1                  %le         -6.465869336
@ DQ2                  %le         -13.08422582
@ DQ3                  %le                    0
* NAME                                INDEX                 KIND                    S                 BETX                 ALFX                 BETY                 ALFY                  MUX                  MUY                    X                   PX                    Y                   PY                   DX                  DPX                   DY                  DPY                  R11                  R12                  R21                  R22                  K1L                  K2L                  K3L                  K4L                  K5L                 K1SL                 K2SL                 K3SL                 K4SL                 K5SL
$ %s                                     %d                   %s                  %le                  %le                  %le                  %le                  %le                  %le                  %le                  %le                  %le                  %le                  %le                  %le                  %le                  %le                  %le                  %le                  %le                  %le                  %le                  %le                  %le                  %le                  %le                  %le                  %le                  %le                  %le                  %le                  %le
  "BR3.BPM1L3"                            0            "monitor"             5.467797          5.518616784          1.756723767          11.45944579         -4.398924106          0.138928551         0.1721303372                    0                    0                    0                    0          -2.82386376         0.7799667158                    0                    0                    0                    0                    0                    0                    0                    0                    0                    0                    0                    0                    0                    0                    0                    0
  "BR3.BPM2L3"                            1            "monitor"            15.285302          5.700375587           1.77667588          10.98322272         -4.204983335         0.4030130291         0.4360287255                    0                    0                    0                    0         -2.988489206         0.8427914689                    0                    0                    0                    0                    0                    0                    0                    0                    0                    0                    0                    0                    0                    0                    0                    0
  "BR3.BPM3L3"                            2            "monitor"            25.102807           5.73616843          1.811832126          10.98368816         -4.212854452         0.6587262668         0.7049574027                    0                    0                    0                    0         -2.996584349         0.8563361632                    0                    0                    0                    0                    0                    0                    0                    0                    0                    0                    0                    0                    0                    0                    0                    0
  "BR3.BPM4L3"                            3            "monitor"            34.920312          5.474446301           1.71339623          11.45871905         -4.383014556         0.9211274972         0.9688226913                    0                    0                    0                    0         -2.853491094         0.8295344166                    0                    0                    0                    0                    0                    0                    0                    0                    0                    0                    0                    0                    0                    0                    0                    0
  "BR3.BPM5L3"                            4            "monitor"            44.737806          5.721091697          1.813438616          11.01650691         -4.233055221          1.180466048           1.23518133                    0                    0                    0                    0         -2.761610666         0.7738535782                    0                    0                    0                    0                    0                    0                    0                    0                    0                    0                    0                    0                    0                    0                    0                    0
  "BR3.BPM6L3"                            5            "monitor"            54.555311          5.494338272          1.713741557          11.41062056         -4.357634367           1.44384185          1.497884903                    0                    0                    0                    0         -2.917525382         0.8084298601                    0                    0                    0                    0                    0                    0                    0                    0                    0                    0                    0                    0                    0                    0                    0                    0
  "BR3.BPM7L3"                            6            "monitor"            64.372816          5.696746482          1.811142885          11.07828418         -4.262750787          1.702281637          1.765274637                    0                    0                    0                    0         -2.987635567         0.8592828188                    0                    0                    0                    0                    0                    0                    0                    0                    0                    0                    0                    0                    0                    0                    0                    0
  "BR3.BPM8L3"                            7            "monitor"            74.190321          5.522559381          1.717921635          11.33754146         -4.324697841          1.966456621           2.02710403                    0                    0                    0                    0         -2.821923412         0.8176061127                    0                    0                    0                    0                    0                    0                    0                    0                    0                    0                    0                    0                    0                    0                    0                    0
  "BR3.BPM9L3"                            8            "monitor"            84.007826          5.665059341          1.805130761          11.16048341         -4.297860138          2.224205394          2.295171103                    0                    0                    0                    0         -2.774942926         0.7725723841                    0                    0                    0                    0                    0                    0                    0                    0                    0                    0                    0                    0                    0                    0                    0                    0
  "BR3.BPM10L3"                           9            "monitor"             93.82532          5.556992338           1.72562726          11.24930623         -4.288677529          2.488942301          2.556534262                    0                    0                    0                    0          -2.94721487         0.8205371263                    0                    0                    0                    0                    0                    0                    0                    0                    0                    0                    0                    0                    0                    0                    0                    0
  "BR3.BPM11L3"                          10            "monitor"           103.642825           5.62852623          1.795876522          11.25176946          -4.33356041          2.746262093          2.824833414                    0                    0                    0                    0         -2.970133654         0.8588735631                    0                    0                    0                    0                    0                    0                    0                    0                    0                    0                    0                    0                    0                    0                    0                    0
  "BR3.BPM12L3"                          11            "monitor"            113.46033            5.5948894          1.736244731           11.1581806         -4.254541671          3.011281445          3.086203103                    0                    0                    0                    0         -2.794662135         0.8055560534                    0                    0                    0                    0                    0                    0                    0                    0                    0                    0                    0                    0                    0                    0                    0                    0
  "BR3.BPM13L3"                          12            "monitor"           123.277835          5.589903423          1.784081891          11.33983594         -4.365003326          3.268467784          3.354257746                    0                    0                    0                    0         -2.796235597         0.7746642286                    0                    0                    0                    0                    0                    0                    0                    0                    0                    0                    0                    0                    0                    0                    0                    0
  "BR3.BPM14L3"                          13            "monitor"           133.095339          5.633348067          1.748958087          11.07654605         -4.226944322           3.53346752          3.616105366                    0                    0                    0                    0         -2.971478965         0.8322951014                    0                    0                    0                    0                    0                    0                    0                    0                    0                    0                    0                    0                    0                    0                    0                    0
  "BR3.BPM15L3"                          14            "monitor"           142.912834          5.552264212          1.770678094          11.41244868         -4.387848523          3.790826082          3.883471781                    0                    0                    0                    0         -2.945436317         0.8551400439                    0                    0                    0                    0                    0                    0                    0                    0                    0                    0                    0                    0                    0                    0                    0                    0
  "BR3.BPM16L3"                          15            "monitor"           152.730339          5.669409559          1.762785995          11.01552068         -4.209651749          4.055506041          4.146202936                    0                    0                    0                    0         -2.773822304         0.7943193103                    0                    0                    0                    0                    0                    0                    0                    0                    0                    0                    0                    0                    0                    0                    0                    0
