@ NAME                 %s               "PSB3"
@ TYPE                 %s              "twiss"
@ TITLE                %n                  nil
@ ORIGIN               %s "MAD 1.1.14 Linux 64"
@ DATE                 %s           "31/08/26"
@ TIME                 %s           "04:18:12"
@ REFCOL               %s               "name"
@ DIRECTION            %le                    1
@ OBSERVE              %le                    1
@ ENERGY               %le          1.098272088
@ DELTAP               %le                    0
@ LENGTH               %le               157.08
@ ALFAP                %le        0.06503937863
@ Q1                   %le          4.177924599
@ Q2                   %le          4.236896841
@ Q3                   %le                    0
@ DQ1                  %le          -6.46469911
@ DQ2                  %le         -13.09320818
@ DQ3                  %le                    0
* NAME                                INDEX                 KIND                    S                 BETX                 ALFX                 BETY                 ALFY                  MUX                  MUY                    X                   PX                    Y                   PY                   DX                  DPX                   DY                  DPY                  R11                  R12                  R21                  R22                  K1L                  K2L                  K3L                  K4L                  K5L                 K1SL                 K2SL                 K3SL                 K4SL                 K5SL
$ %s                                     %d                   %s                  %le                  %le                  %le                  %le                  %le                  %le                  %le                  %le                  %le                  %le                  %le                  %le                  %le                  %le                  %le                  %le                  %le                  %le                  %le                  %le                  %le                  %le                  %le                  %le                  %le                  %le                  %le                  %le                  %le
  "BR3.BPM1L3"                            0            "monitor"             5.467797          5.600486162          1.762727229          11.22457309         -4.301219309         0.1396428169         0.1725486294                    0                    0                    0                    0         -2.877434359          0.816037171                    0                    0                    0                    0                    0                    0                    0                    0                    0                    0                    0                    0                    0                    0                    0                    0
  "BR3.BPM2L3"                            1            "monitor"            15.285302          5.600468535          1.762723563          11.22461683         -4.301228217         0.4007632465         0.4373547482                    0                    0                    0                    0         -2.877430126         0.8160370196                    0                    0                    0                    0                    0                    0                    0                    0                    0                    0                    0                    0                    0                    0                    0                    0
  "BR3.BPM3L3"                            2            "monitor"            25.102807          5.600450907          1.762719896          11.22465939         -4.301236777          0.661883676         0.7021608763                    0                    0                    0                    0         -2.877426483          0.816037117                    0                    0                    0                    0                    0                    0                    0                    0                    0                    0                    0                    0                    0                    0                    0                    0
  "BR3.BPM4L3"                            3            "monitor"            34.920312           5.60043328          1.762716229          11.22470261         -4.301245509         0.9230041056         0.9669669971                    0                    0                    0                    0         -2.877422747         0.8160373265                    0                    0                    0                    0                    0                    0                    0                    0                    0                    0                    0                    0                    0                    0                    0                    0
  "BR3.BPM5L3"                            4            "monitor"            44.737806          5.600454433          1.762720629          11.22465086          -4.30123507          1.184124223          1.231772967                    0                    0                    0                    0         -2.877427055         0.8160371957                    0                    0                    0                    0                    0                    0                    0                    0                    0                    0                    0                    0                    0                    0                    0                    0
  "BR3.BPM6L3"                            5            "monitor"            54.555311          5.600436806          1.762716962          11.22469407         -4.301243774          1.445244652          1.496579087                    0                    0                    0                    0         -2.877422562         0.8160369369                    0                    0                    0                    0                    0                    0                    0                    0                    0                    0                    0                    0                    0                    0                    0                    0
  "BR3.BPM7L3"                            6            "monitor"            64.372816          5.600419178          1.762713295          11.22473688          -4.30125242          1.706365082          1.761385214                    0                    0                    0                    0         -2.877419081         0.8160370405                    0                    0                    0                    0                    0                    0                    0                    0                    0                    0                    0                    0                    0                    0                    0                    0
  "BR3.BPM8L3"                            7            "monitor"            74.190321          5.600401551          1.762709629          11.22477987         -4.301261079          1.967485511          2.026191334                    0                    0                    0                    0         -2.877415583         0.8160373566                    0                    0                    0                    0                    0                    0                    0                    0                    0                    0                    0                    0                    0                    0                    0                    0
  "BR3.BPM9L3"                            8            "monitor"            84.007826          5.600383924          1.762705962          11.22482294         -4.301269808          2.228605941          2.290997459                    0                    0                    0                    0          -2.87741072         0.8160372046                    0                    0                    0                    0                    0                    0                    0                    0                    0                    0                    0                    0                    0                    0                    0                    0
  "BR3.BPM10L3"                           9            "monitor"             93.82532          5.600405077          1.762710362          11.22477136         -4.301259401          2.489726058          2.555803426                    0                    0                    0                    0         -2.877415293         0.8160369774                    0                    0                    0                    0                    0                    0                    0                    0                    0                    0                    0                    0                    0                    0                    0                    0
  "BR3.BPM11L3"                          10            "monitor"           103.642825           5.60038745          1.762706695           11.2248142         -4.301267996          2.750846487          2.820609547                    0                    0                    0                    0         -2.877411788         0.8160370893                    0                    0                    0                    0                    0                    0                    0                    0                    0                    0                    0                    0                    0                    0                    0                    0
  "BR3.BPM12L3"                          11            "monitor"            113.46033          5.600369823          1.762703028          11.22485757         -4.301276862          3.011966917          3.085415674                    0                    0                    0                    0         -2.877408203         0.8160373727                    0                    0                    0                    0                    0                    0                    0                    0                    0                    0                    0                    0                    0                    0                    0                    0
  "BR3.BPM13L3"                          12            "monitor"           123.277835          5.600352196          1.762699361          11.22490014         -4.301285344          3.273087346          3.350221794                    0                    0                    0                    0         -2.877403376          0.816037217                    0                    0                    0                    0                    0                    0                    0                    0                    0                    0                    0                    0                    0                    0                    0                    0
  "BR3.BPM14L3"                          13            "monitor"           133.095339          5.600338094          1.762696428          11.22493506         -4.301292516          3.534207747          3.615027906                    0                    0                    0                    0         -2.877399721         0.8160369554                    0                    0                    0                    0                    0                    0                    0                    0                    0                    0                    0                    0                    0                    0                    0                    0
  "BR3.BPM15L3"                          14            "monitor"           142.912834          5.600355721          1.762700095          11.22489149         -4.301283596          3.795327893          3.879833886                    0                    0                    0                    0         -2.877404603         0.8160371476                    0                    0                    0                    0                    0                    0                    0                    0                    0                    0                    0                    0                    0                    0                    0                    0
  "BR3.BPM16L3"                          15            "monitor"           152.730339          5.600338094          1.762696428          11.22493524         -4.301292551          4.056448322          4.144640009                    0                    0                    0                    0         -2.877400651         0.8160373148                    0                    0                    0                    0                    0                    0                    0                    0                    0                    0                    0                    0                    0                    0                    0                    0
