@ NAME                 %s               "PSB3"
@ TYPE                 %s              "twiss"
@ TITLE                %n                  nil
@ ORIGIN               %s "MAD 1.1.14 Linux 64"
@ DATE                 %s           "31/08/26"
@ TIME                 %s           "02:02:41"
@ REFCOL               %s               "name"
@ DIRECTION            %le                    1
@ OBSERVE              %le                    1
@ ENERGY               %le          1.098272088
@ DELTAP               %le                    0
@ LENGTH               %le               157.08
@ ALFAP                %le        0.06300050656
@ Q1                   %le          4.225699971
@ Q2                   %le          4.123299964
@ Q3                   %le                    0
@ DQ1                  %le         -6.489668858
@ DQ2                  %le         -12.82477863
@ DQ3                  %le                    0
* NAME                                INDEX                 KIND                    S                 BETX                 ALFX                 BETY                 ALFY                  MUX                  MUY                    X                   PX                    Y                   PY                   DX                  DPX                   DY                  DPY                  R11                  R12                  R21                  R22                  K1L                  K2L                  K3L                  K4L                  K5L                 K1SL                 K2SL                 K3SL                 K4SL                 K5SL
$ %s                                     %d                   %s                  %le                  %le                  %le                  %le                  %le                  %le                  %le                  %le                  %le                  %le                  %le                  %le                  %le                  %le                  %le                  %le                  %le                  %le                  %le                  %le                  %le                  %le                  %le                  %le                  %le                  %le                  %le                  %le                  %le
  "BR3.BPM1L3"                            0            "monitor"             5.467797          5.465021962          1.726944338          11.47006572         -4.385608405         0.1417825976         0.1686706653                    0                    0                    0                    0         -2.783465492         0.7676979248                    0                    0                    0                    0                    0                    0                    0                    0                    0                    0                    0                    0                    0                    0                    0                    0
  "BR3.BPM2L3"                            1            "monitor"            15.285302          5.674459499          1.768333521          11.03441491         -4.170026421          0.408042754         0.4221814621                    0                    0                    0                    0         -2.905915359         0.8180872359                    0                    0                    0                    0                    0                    0                    0                    0                    0                    0                    0                    0                    0                    0                    0                    0
  "BR3.BPM3L3"                            2            "monitor"            25.102807          5.688608086          1.782270366          11.03446688          -4.21820356         0.6680789115         0.6870238466                    0                    0                    0                    0         -2.908625657         0.8226424772                    0                    0                    0                    0                    0                    0                    0                    0                    0                    0                    0                    0                    0                    0                    0                    0
  "BR3.BPM4L3"                            3            "monitor"            34.920312          5.439712217           1.70207786           11.4701857         -4.333821631         0.9325832679         0.9405345232                    0                    0                    0                    0         -2.807635271         0.8082819047                    0                    0                    0                    0                    0                    0                    0                    0                    0                    0                    0                    0                    0                    0                    0                    0
  "BR3.BPM5L3"                            4            "monitor"            44.737806          5.682424087          1.788309035          11.08927533          -4.24245197          1.196106273          1.202270047                    0                    0                    0                    0         -2.720906999         0.7614566017                    0                    0                    0                    0                    0                    0                    0                    0                    0                    0                    0                    0                    0                    0                    0                    0
  "BR3.BPM6L3"                            5            "monitor"            54.555311           5.45374931          1.698828332          11.41198978         -4.308761328          1.461853016          1.455273969                    0                    0                    0                    0         -2.837484253         0.7842364857                    0                    0                    0                    0                    0                    0                    0                    0                    0                    0                    0                    0                    0                    0                    0                    0
  "BR3.BPM7L3"                            6            "monitor"            64.372816          5.660962266           1.78865913          11.15040312         -4.268114415          1.724202934          1.717436746                    0                    0                    0                    0          -2.90325121         0.8269658085                    0                    0                    0                    0                    0                    0                    0                    0                    0                    0                    0                    0                    0                    0                    0                    0
  "BR3.BPM8L3"                            7            "monitor"            74.190321          5.481841003          1.701368035          11.34871731         -4.282773246          1.991009033          1.970092519                    0                    0                    0                    0         -2.774840661           0.79650309                    0                    0                    0                    0                    0                    0                    0                    0                    0                    0                    0                    0                    0                    0                    0                    0
  "BR3.BPM9L3"                            8            "monitor"            84.007826          5.627010555          1.783282921          11.21560173         -4.294266517          2.252438886          2.232517645                    0                    0                    0                    0         -2.732154093         0.7592510844                    0                    0                    0                    0                    0                    0                    0                    0                    0                    0                    0                    0                    0                    0                    0                    0
  "BR3.BPM10L3"                           9            "monitor"             93.82532          5.520454249          1.709385918          11.28241758         -4.256738425           2.51998598          2.484996062                    0                    0                    0                    0         -2.868239785         0.7964119323                    0                    0                    0                    0                    0                    0                    0                    0                    0                    0                    0                    0                    0                    0                    0                    0
  "BR3.BPM11L3"                          10            "monitor"           103.642825          5.584958779            1.7728773          11.28247625         -4.319965934          2.780867976          2.747509646                    0                    0                    0                    0         -2.886450268         0.8269821959                    0                    0                    0                    0                    0                    0                    0                    0                    0                    0                    0                    0                    0                    0                    0                    0
  "BR3.BPM12L3"                          11            "monitor"            113.46033          5.564561231          1.721837927           11.2156195         -4.231613613          3.048744581          2.999988244                    0                    0                    0                    0         -2.747090612         0.7843247616                    0                    0                    0                    0                    0                    0                    0                    0                    0                    0                    0                    0                    0                    0                    0                    0
  "BR3.BPM13L3"                          12            "monitor"           123.277835          5.540123424          1.758760826          11.34885418         -4.344343301          3.309521783          3.262413321                    0                    0                    0                    0         -2.753929079         0.7614244745                    0                    0                    0                    0                    0                    0                    0                    0                    0                    0                    0                    0                    0                    0                    0                    0
  "BR3.BPM14L3"                          13            "monitor"           133.095339          5.608540507          1.737134369          11.15058259           -4.2082663          3.577273781          3.515069151                    0                    0                    0                    0         -2.892050864         0.8081994732                    0                    0                    0                    0                    0                    0                    0                    0                    0                    0                    0                    0                    0                    0                    0                    0
  "BR3.BPM15L3"                          14            "monitor"           142.912834          5.498328856           1.74275961          11.41220351         -4.366499772           3.83840253          3.777231697                    0                    0                    0                    0         -2.860377093          0.822689426                    0                    0                    0                    0                    0                    0                    0                    0                    0                    0                    0                    0                    0                    0                    0                    0
  "BR3.BPM16L3"                          15            "monitor"           152.730339          5.646774782          1.753318043             11.08954         -4.187508385          4.105591964          4.030235727                    0                    0                    0                    0         -2.727943811         0.7733090072                    0                    0                    0                    0                    0                    0                    0                    0                    0                    0                    0                    0                    0                    0                    0                    0
