@ NAME                 %s               "PSB3"
@ TYPE                 %s              "twiss"
@ TITLE                %n                  nil
@ ORIGIN               %s "MAD 1.1.14 Linux 64"
@ DATE                 %s           "31/08/26"
@ TIME                 %s           "02:02:41"
@ REFCOL               %s               "name"
@ DIRECTION            %le                    1
@ OBSERVE              %le                    1
@ ENERGY               %le          1.098272088
@ DELTAP               %le                    0
@ LENGTH               %le               157.08
@ ALFAP                %le        0.06333782214
@ Q1                   %le          4.229243146
@ Q2                   %le          4.119817667
@ Q3                   %le                    0
@ DQ1                  %le          -6.48881232
@ DQ2                  %le         -12.82987567
@ DQ3                  %le                    0
* NAME                                INDEX                 KIND                    S                 BETX                 ALFX                 BETY                 ALFY                  MUX                  MUY                    X                   PX                    Y                   PY                   DX                  DPX                   DY                  DPY                  R11                  R12                  R21                  R22                  K1L                  K2L                  K3L                  K4L                  K5L                 K1SL                 K2SL                 K3SL                 K4SL                 K5SL
$ %s                                     %d                   %s                  %le                  %le                  %le                  %le                  %le                  %le                  %le                  %le                  %le                  %le                  %le                  %le                  %le                  %le                  %le                  %le                  %le                  %le                  %le                  %le                  %le                  %le                  %le                  %le                  %le                  %le                  %le                  %le                  %le
  "BR3.BPM1L3"                            0            "monitor"             5.467797          5.562251526          1.743590764          11.25983494         -4.279796871         0.1417530043         0.1668477016                    0                    0                    0                    0         -2.814185869         0.7933884811                    0                    0                    0                    0                    0                    0                    0                    0                    0                    0                    0                    0                    0                    0                    0                    0
  "BR3.BPM2L3"                            1            "monitor"            15.285302           5.56223409          1.743587132           11.2598787         -4.279805751          0.406080844         0.4243363715                    0                    0                    0                    0         -2.814181834         0.7933883828                    0                    0                    0                    0                    0                    0                    0                    0                    0                    0                    0                    0                    0                    0                    0                    0
  "BR3.BPM3L3"                            2            "monitor"            25.102807          5.562216654            1.7435835          11.25992075         -4.279814096         0.6704086838         0.6818250511                    0                    0                    0                    0         -2.814178151         0.7933884457                    0                    0                    0                    0                    0                    0                    0                    0                    0                    0                    0                    0                    0                    0                    0                    0
  "BR3.BPM4L3"                            3            "monitor"            34.920312          5.562199218          1.743579868          11.25996409         -4.279822844         0.9347365235         0.9393137232                    0                    0                    0                    0         -2.814174452         0.7933886036                    0                    0                    0                    0                    0                    0                    0                    0                    0                    0                    0                    0                    0                    0                    0                    0
  "BR3.BPM5L3"                            4            "monitor"            44.737806          5.562220141          1.743584226          11.25991223         -4.279812399          1.199064048          1.196802246                    0                    0                    0                    0         -2.814178779         0.7933885092                    0                    0                    0                    0                    0                    0                    0                    0                    0                    0                    0                    0                    0                    0                    0                    0
  "BR3.BPM6L3"                            5            "monitor"            54.555311          5.562202706          1.743580595          11.25995563         -4.279821144          1.463391888          1.454290916                    0                    0                    0                    0         -2.814174472         0.7933883005                    0                    0                    0                    0                    0                    0                    0                    0                    0                    0                    0                    0                    0                    0                    0                    0
  "BR3.BPM7L3"                            6            "monitor"            64.372816           5.56218527          1.743576963          11.25999778         -4.279829518          1.727719728          1.711779595                    0                    0                    0                    0         -2.814170951         0.7933883677                    0                    0                    0                    0                    0                    0                    0                    0                    0                    0                    0                    0                    0                    0                    0                    0
  "BR3.BPM8L3"                            7            "monitor"            74.190321          5.562167834          1.743573331          11.26004103         -4.279838238          1.992047568          1.969268267                    0                    0                    0                    0         -2.814167495         0.7933886353                    0                    0                    0                    0                    0                    0                    0                    0                    0                    0                    0                    0                    0                    0                    0                    0
  "BR3.BPM9L3"                            8            "monitor"            84.007826          5.562150398            1.7435697          11.26008341          -4.27984669          2.256375407          2.226756943                    0                    0                    0                    0         -2.814162889         0.7933885168                    0                    0                    0                    0                    0                    0                    0                    0                    0                    0                    0                    0                    0                    0                    0                    0
  "BR3.BPM10L3"                           9            "monitor"             93.82532          5.562171321          1.743574058          11.26003255         -4.279836573          2.520702932          2.484245462                    0                    0                    0                    0         -2.814167403         0.7933883384                    0                    0                    0                    0                    0                    0                    0                    0                    0                    0                    0                    0                    0                    0                    0                    0
  "BR3.BPM11L3"                          10            "monitor"           103.642825          5.562153885          1.743570426          11.26007475         -4.279844918          2.785030772          2.741734135                    0                    0                    0                    0         -2.814163868          0.793388418                    0                    0                    0                    0                    0                    0                    0                    0                    0                    0                    0                    0                    0                    0                    0                    0
  "BR3.BPM12L3"                          11            "monitor"            113.46033           5.56213645          1.743566794          11.26011827         -4.279853791          3.049358612          2.999222812                    0                    0                    0                    0         -2.814160322          0.793388653                    0                    0                    0                    0                    0                    0                    0                    0                    0                    0                    0                    0                    0                    0                    0                    0
  "BR3.BPM13L3"                          12            "monitor"           123.277835          5.562119014          1.743563162          11.26016033         -4.279862073          3.313686451          3.256711486                    0                    0                    0                    0         -2.814155745          0.793388528                    0                    0                    0                    0                    0                    0                    0                    0                    0                    0                    0                    0                    0                    0                    0                    0
  "BR3.BPM14L3"                          13            "monitor"           133.095339          5.562105066          1.743560257          11.26019532         -4.279869229          3.578014262          3.514200147                    0                    0                    0                    0         -2.814152261         0.7933883155                    0                    0                    0                    0                    0                    0                    0                    0                    0                    0                    0                    0                    0                    0                    0                    0
  "BR3.BPM15L3"                          14            "monitor"           142.912834          5.562122501          1.743563889          11.26015176         -4.279860362          3.842341816           3.77168868                    0                    0                    0                    0         -2.814156893         0.7933884787                    0                    0                    0                    0                    0                    0                    0                    0                    0                    0                    0                    0                    0                    0                    0                    0
  "BR3.BPM16L3"                          15            "monitor"           152.730339          5.562105066          1.743560257          11.26019547         -4.279869257          4.106669656          4.029177354                    0                    0                    0                    0         -2.814152967         0.7933885941                    0                    0                    0                    0                    0                    0                    0                    0                    0                    0                    0                    0                    0                    0                    0                    0
