@ NAME                 %s               "PSB3"
@ TYPE                 %s              "twiss"
@ TITLE                %n                  nil
@ ORIGIN               %s "MAD 1.1.14 Linux 64"
@ DATE                 %s           "31/08/26"
@ TIME                 %s           "02:51:03"
@ REFCOL               %s               "name"
@ DIRECTION            %le                    1
@ OBSERVE              %le                    1
@ ENERGY               %le          1.098272088
@ DELTAP               %le                    0
@ LENGTH               %le               157.08
@ ALFAP                %le         0.0630454543
@ Q1                   %le          4.237472044
@ Q2                   %le          4.136808892
@ Q3                   %le                    0
@ DQ1                  %le         -6.506335342
@ DQ2                  %le         -12.90830717
@ DQ3                  %le                    0
* NAME                                INDEX                 KIND                    S                 BETX                 ALFX                 BETY                 ALFY                  MUX                  MUY                    X                   PX                    Y                   PY                   DX                  DPX                   DY                  DPY                  R11                  R12                  R21                  R22                  K1L                  K2L                  K3L                  K4L                  K5L                 K1SL                 K2SL                 K3SL                 K4SL                 K5SL
$ %s                                     %d                   %s                  %le                  %le                  %le                  %le                  %le                  %le                  %le                  %le                  %le                  %le                  %le                  %le                  %le                  %le                  %le                  %le                  %le                  %le                  %le                  %le                  %le                  %le                  %le                  %le                  %le                  %le                  %le                  %le                  %le
  "BR3.BPM1L3"                            0            "monitor"             5.467797           5.55237252          1.744771592           11.2650545         -4.295253747         0.1420289569         0.1676915919                    0                    0                    0                    0         -2.804019743         0.7923087454                    0                    0                    0                    0                    0                    0                    0                    0                    0                    0                    0                    0                    0                    0                    0                    0
  "BR3.BPM2L3"                            1            "monitor"            15.285302          5.552355073          1.744767951          11.26509834         -4.295262658          0.406871103         0.4262422135                    0                    0                    0                    0         -2.804015725         0.7923086537                    0                    0                    0                    0                    0                    0                    0                    0                    0                    0                    0                    0                    0                    0                    0                    0
  "BR3.BPM3L3"                            2            "monitor"            25.102807          5.552337625          1.744764309          11.26514063         -4.295271086         0.6717132491         0.6847928444                    0                    0                    0                    0         -2.804012028         0.7923087125                    0                    0                    0                    0                    0                    0                    0                    0                    0                    0                    0                    0                    0                    0                    0                    0
  "BR3.BPM4L3"                            3            "monitor"            34.920312          5.552320177          1.744760667          11.26518403         -4.295279859         0.9365553951         0.9433434683                    0                    0                    0                    0         -2.804008325         0.7923088643                    0                    0                    0                    0                    0                    0                    0                    0                    0                    0                    0                    0                    0                    0                    0                    0
  "BR3.BPM5L3"                            4            "monitor"            44.737806          5.552341114          1.744765037          11.26513208         -4.295269379          1.201397226          1.201893942                    0                    0                    0                    0         -2.804012665         0.7923087742                    0                    0                    0                    0                    0                    0                    0                    0                    0                    0                    0                    0                    0                    0                    0                    0
  "BR3.BPM6L3"                            5            "monitor"            54.555311          5.552323667          1.744761395          11.26517555         -4.295278146          1.466239372          1.460444564                    0                    0                    0                    0         -2.804008372         0.7923085712                    0                    0                    0                    0                    0                    0                    0                    0                    0                    0                    0                    0                    0                    0                    0                    0
  "BR3.BPM7L3"                            6            "monitor"            64.372816          5.552306219          1.744757753          11.26521794         -4.295286609          1.731081518          1.718995194                    0                    0                    0                    0         -2.804004837         0.7923086342                    0                    0                    0                    0                    0                    0                    0                    0                    0                    0                    0                    0                    0                    0                    0                    0
  "BR3.BPM8L3"                            7            "monitor"            74.190321          5.552288772          1.744754111          11.26526125          -4.29529535          1.995923664          1.977545818                    0                    0                    0                    0         -2.804001379         0.7923088964                    0                    0                    0                    0                    0                    0                    0                    0                    0                    0                    0                    0                    0                    0                    0                    0
  "BR3.BPM9L3"                            8            "monitor"            84.007826          5.552271324          1.744750469          11.26530388         -4.295303891           2.26076581          2.236096446                    0                    0                    0                    0         -2.803996796         0.7923087816                    0                    0                    0                    0                    0                    0                    0                    0                    0                    0                    0                    0                    0                    0                    0                    0
  "BR3.BPM10L3"                           9            "monitor"             93.82532          5.552292261           1.74475484          11.26525274         -4.295293674          2.525607641          2.494646916                    0                    0                    0                    0         -2.804001312         0.7923086087                    0                    0                    0                    0                    0                    0                    0                    0                    0                    0                    0                    0                    0                    0                    0                    0
  "BR3.BPM11L3"                          10            "monitor"           103.642825          5.552274814          1.744751198          11.26529518         -4.295302106          2.790449787          2.753197541                    0                    0                    0                    0         -2.803997765         0.7923086847                    0                    0                    0                    0                    0                    0                    0                    0                    0                    0                    0                    0                    0                    0                    0                    0
  "BR3.BPM12L3"                          11            "monitor"            113.46033          5.552257366          1.744747556          11.26533877         -4.295311005          3.055291933          3.011748169                    0                    0                    0                    0         -2.803994215         0.7923089144                    0                    0                    0                    0                    0                    0                    0                    0                    0                    0                    0                    0                    0                    0                    0                    0
  "BR3.BPM13L3"                          12            "monitor"           123.277835          5.552239919          1.744743914          11.26538107         -4.295319368          3.320134079          3.270298794                    0                    0                    0                    0         -2.803989661         0.7923087926                    0                    0                    0                    0                    0                    0                    0                    0                    0                    0                    0                    0                    0                    0                    0                    0
  "BR3.BPM14L3"                          13            "monitor"           133.095339          5.552225961          1.744741001          11.26541611         -4.295326544          3.584976197          3.528849407                    0                    0                    0                    0          -2.80398619         0.7923085856                    0                    0                    0                    0                    0                    0                    0                    0                    0                    0                    0                    0                    0                    0                    0                    0
  "BR3.BPM15L3"                          14            "monitor"           142.912834          5.552243408          1.744744642          11.26537246         -4.295317644          3.849818056          3.787399892                    0                    0                    0                    0         -2.803990801          0.792308746                    0                    0                    0                    0                    0                    0                    0                    0                    0                    0                    0                    0                    0                    0                    0                    0
  "BR3.BPM16L3"                          15            "monitor"           152.730339          5.552225961          1.744741001          11.26541626         -4.295326574          4.114660202          4.045950517                    0                    0                    0                    0          -2.80398687         0.7923088551                    0                    0                    0                    0                    0                    0                    0                    0                    0                    0                    0                    0                    0                    0                    0                    0
