@ NAME                 %s               "PSB3"
@ TYPE                 %s              "twiss"
@ TITLE                %n                  nil
@ ORIGIN               %s "MAD 1.1.14 Linux 64"
@ DATE                 %s           "31/08/26"
@ TIME                 %s           "02:51:03"
@ REFCOL               %s               "name"
@ DIRECTION            %le                    1
@ OBSERVE              %le                    1
@ ENERGY               %le          1.098272088
@ DELTAP               %le                    0
@ LENGTH               %le               157.08
@ ALFAP                %le        0.06272513617
@ Q1                   %le          4.233999971
@ Q2                   %le          4.140299963
@ Q3                   %le                    0
@ DQ1                  %le         -6.507142778
@ DQ2                  %le         -12.90194334
@ DQ3                  %le                    0
* NAME                                INDEX                 KIND                    S                 BETX                 ALFX                 BETY                 ALFY                  MUX                  MUY                    X                   PX                    Y                   PY                   DX                  DPX                   DY                  DPY                  R11                  R12                  R21                  R22                  K1L                  K2L                  K3L                  K4L                  K5L                 K1SL                 K2SL                 K3SL                 K4SL                 K5SL
$ %s                                     %d                   %s                  %le                  %le                  %le                  %le                  %le                  %le                  %le                  %le                  %le                  %le                  %le                  %le                  %le                  %le                  %le                  %le                  %le                  %le                  %le                  %le                  %le                  %le                  %le                  %le                  %le                  %le                  %le                  %le                  %le
  "BR3.BPM1L3"                            0            "monitor"             5.467797            5.4547877           1.72685342          11.47772584         -4.398299552         0.1421659843         0.1690470786                    0                    0                    0                    0         -2.776667028         0.7683622749                    0                    0                    0                    0                    0                    0                    0                    0                    0                    0                    0                    0                    0                    0                    0                    0
  "BR3.BPM2L3"                            1            "monitor"            15.285302          5.664012042          1.770632767          11.03637097         -4.188202145          0.408758033         0.4242711827                    0                    0                    0                    0         -2.891427816         0.8163015683                    0                    0                    0                    0                    0                    0                    0                    0                    0                    0                    0                    0                    0                    0                    0                    0
  "BR3.BPM3L3"                            2            "monitor"            25.102807          5.674799108          1.781264664          11.03680715         -4.228095803         0.6695575324         0.6895071819                    0                    0                    0                    0         -2.893436727          0.819679424                    0                    0                    0                    0                    0                    0                    0                    0                    0                    0                    0                    0                    0                    0                    0                    0
  "BR3.BPM4L3"                            3            "monitor"            34.920312          5.432583337          1.705036707          11.47742124         -4.354214499         0.9344124473         0.9447257839                    0                    0                    0                    0         -2.799717006         0.8070641628                    0                    0                    0                    0                    0                    0                    0                    0                    0                    0                    0                    0                    0                    0                    0                    0
  "BR3.BPM5L3"                            4            "monitor"            44.737806          5.670482954          1.787994641          11.08992838         -4.252304537          1.198604829          1.206921451                    0                    0                    0                    0         -2.715387137         0.7621900374                    0                    0                    0                    0                    0                    0                    0                    0                    0                    0                    0                    0                    0                    0                    0                    0
  "BR3.BPM6L3"                            5            "monitor"            54.555311          5.445157411          1.701185476          11.41981389         -4.328826964           1.46472315          1.461551894                    0                    0                    0                    0         -2.824805257          0.783162583                    0                    0                    0                    0                    0                    0                    0                    0                    0                    0                    0                    0                    0                    0                    0                    0
  "BR3.BPM7L3"                            6            "monitor"            64.372816          5.650061659          1.788828301          11.15141689         -4.278590104          1.727716588           1.72424586                    0                    0                    0                    0         -2.888756846         0.8241307188                    0                    0                    0                    0                    0                    0                    0                    0                    0                    0                    0                    0                    0                    0                    0                    0
  "BR3.BPM8L3"                            7            "monitor"            74.190321          5.472616657          1.703377317          11.35540023         -4.301996192          1.994921664           1.97846872                    0                    0                    0                    0         -2.767420228         0.7955283429                    0                    0                    0                    0                    0                    0                    0                    0                    0                    0                    0                    0                    0                    0                    0                    0
  "BR3.BPM9L3"                            8            "monitor"            84.007826          5.616378552          1.783658106           11.2183551         -4.305725347          2.256969639          2.241470559                    0                    0                    0                    0         -2.726057978         0.7598871076                    0                    0                    0                    0                    0                    0                    0                    0                    0                    0                    0                    0                    0                    0                    0                    0
  "BR3.BPM10L3"                           9            "monitor"             93.82532          5.511254503          1.711325477          11.28695821         -4.274919583          2.524935949          2.495485099                    0                    0                    0                    0         -2.855097814         0.7951273713                    0                    0                    0                    0                    0                    0                    0                    0                    0                    0                    0                    0                    0                    0                    0                    0
  "BR3.BPM11L3"                          10            "monitor"           103.642825          5.574100783          1.773202374          11.28757201         -4.332443329          2.786423232          2.758590555                    0                    0                    0                    0         -2.872420411         0.8242053927                    0                    0                    0                    0                    0                    0                    0                    0                    0                    0                    0                    0                    0                    0                    0                    0
  "BR3.BPM12L3"                          11            "monitor"            113.46033          5.555681923          1.723921157          11.21782452         -4.248880292          3.054722564          3.012606121                    0                    0                    0                    0         -2.740154745         0.7835497123                    0                    0                    0                    0                    0                    0                    0                    0                    0                    0                    0                    0                    0                    0                    0                    0
  "BR3.BPM13L3"                          12            "monitor"           123.277835          5.528965567          1.758882942           11.3560732         -4.357553373           3.31611169          3.275606241                    0                    0                    0                    0         -2.747456782         0.7620433975                    0                    0                    0                    0                    0                    0                    0                    0                    0                    0                    0                    0                    0                    0                    0                    0
  "BR3.BPM14L3"                          13            "monitor"           133.095339          5.599824454          1.739439488          11.15108038         -4.225056385          3.584269707          3.529831656                    0                    0                    0                    0         -2.878354237         0.8067044116                    0                    0                    0                    0                    0                    0                    0                    0                    0                    0                    0                    0                    0                    0                    0                    0
  "BR3.BPM15L3"                          14            "monitor"           142.912834          5.487253612          1.742684594          11.42052003         -4.379862431          3.846036549          3.792522124                    0                    0                    0                    0           -2.8466734         0.8198930639                    0                    0                    0                    0                    0                    0                    0                    0                    0                    0                    0                    0                    0                    0                    0                    0
  "BR3.BPM16L3"                          15            "monitor"           152.730339          5.637634607          1.755750983          11.08973305         -4.204531245          4.113598482          4.047156709                    0                    0                    0                    0         -2.721669647         0.7727757286                    0                    0                    0                    0                    0                    0                    0                    0                    0                    0                    0                    0                    0                    0                    0                    0
