@ NAME                 %s               "PSB3"
@ TYPE                 %s              "twiss"
@ TITLE                %n                  nil
@ ORIGIN               %s "MAD 1.1.15 Linux 64"
@ DATE                 %s           "11/09/26"
@ TIME                 %s           "23:07:35"
@ REFCOL               %s               "name"
@ DIRECTION            %le                    1
@ OBSERVE              %le                    1
@ ENERGY               %le          1.098272088
@ DELTAP               %le                    0
@ LENGTH               %le               157.08
@ ALFAP                %le        0.06482820438
@ Q1                   %le               4.1654
@ Q2                   %le          4.224200001
@ Q3                   %le                    0
@ DQ1                  %le         -6.447985792
@ DQ2                  %le          -12.9479718
@ DQ3                  %le                    0
* NAME                                INDEX                 KIND                    S                 BETX                 ALFX                 BETY                 ALFY                  MUX                  MUY                    X                   PX                    Y                   PY                   DX                  DPX                   DY                  DPY                  R11                  R12                  R21                  R22                  K1L                  K2L                  K3L                  K4L                  K5L                 K1SL                 K2SL                 K3SL                 K4SL                 K5SL
$ %s                                     %d                   %s                  %le                  %le                  %le                  %le                  %le                  %le                  %le                  %le                  %le                  %le                  %le                  %le                  %le                  %le                  %le                  %le                  %le                  %le                  %le                  %le                  %le                  %le                  %le                  %le                  %le                  %le                  %le                  %le                  %le
  "BR3.BPM1L3"                            0            "monitor"             5.467797          5.531813146          1.757988476          11.44348723         -4.380977398         0.1384701142         0.1715559146                    0                    0                    0                    0         -2.829783307         0.7788674143                    0                    0                    0                    0                    0                    0                    0                    0                    0                    0                    0                    0                    0                    0                    0                    0
  "BR3.BPM2L3"                            1            "monitor"            15.285302          5.709510255          1.773635063          10.97985151         -4.188613168         0.4022225167         0.4341415045                    0                    0                    0                    0         -3.005152341         0.8447736822                    0                    0                    0                    0                    0                    0                    0                    0                    0                    0                    0                    0                    0                    0                    0                    0
  "BR3.BPM3L3"                            2            "monitor"            25.102807          5.749872532          1.813265585           10.9804258         -4.200645621         0.6571192925         0.7023545844                    0                    0                    0                    0         -3.014535609         0.8604731887                    0                    0                    0                    0                    0                    0                    0                    0                    0                    0                    0                    0                    0                    0                    0                    0
  "BR3.BPM4L3"                            3            "monitor"            34.920312          5.483504562          1.710612527          11.44276271         -4.361682238         0.9191941612         0.9649137426                    0                    0                    0                    0         -2.860786795          0.830738495                    0                    0                    0                    0                    0                    0                    0                    0                    0                    0                    0                    0                    0                    0                    0                    0
  "BR3.BPM5L3"                            4            "monitor"            44.737806          5.733414731          1.814210217          11.01747863         -4.221677882          1.177754423          1.230497522                    0                    0                    0                    0         -2.767191967         0.7727825407                    0                    0                    0                    0                    0                    0                    0                    0                    0                    0                    0                    0                    0                    0                    0                    0
  "BR3.BPM6L3"                            5            "monitor"            54.555311          5.504362231          1.711490444           11.3929443         -4.336449523          1.440765249             1.492014                    0                    0                    0                    0         -2.933342491          0.810201322                    0                    0                    0                    0                    0                    0                    0                    0                    0                    0                    0                    0                    0                    0                    0                    0
  "BR3.BPM7L3"                            6            "monitor"            64.372816          5.708498013           1.81151987           11.0786282         -4.250366545          1.698464869          1.758514395                    0                    0                    0                    0         -3.004907886         0.8631960023                    0                    0                    0                    0                    0                    0                    0                    0                    0                    0                    0                    0                    0                    0                    0                    0
  "BR3.BPM8L3"                            7            "monitor"            74.190321          5.532797211           1.71592466          11.32254092         -4.305214162          1.962239697          2.019259416                    0                    0                    0                    0         -2.829260729         0.8187509338                    0                    0                    0                    0                    0                    0                    0                    0                    0                    0                    0                    0                    0                    0                    0                    0
  "BR3.BPM9L3"                            8            "monitor"            84.007826          5.676904295          1.805390605          11.15651463         -4.283280572          2.219278597          2.286354543                    0                    0                    0                    0          -2.78097539         0.7716490482                    0                    0                    0                    0                    0                    0                    0                    0                    0                    0                    0                    0                    0                    0                    0                    0
  "BR3.BPM10L3"                           9            "monitor"             93.82532          5.566891795          1.723619932          11.23975269         -4.271657944          2.483592091          2.546691662                    0                    0                    0                    0         -2.963024515         0.8223392402                    0                    0                    0                    0                    0                    0                    0                    0                    0                    0                    0                    0                    0                    0                    0                    0
  "BR3.BPM11L3"                          10            "monitor"           103.642825          5.640882546          1.796259269          11.24178295         -4.316485241           2.74021705          2.813989796                    0                    0                    0                    0         -2.987164904         0.8627202384                    0                    0                    0                    0                    0                    0                    0                    0                    0                    0                    0                    0                    0                    0                    0                    0
  "BR3.BPM12L3"                          11            "monitor"            113.46033           5.60418357          1.734021872          11.15462054         -4.239812275          3.004807492          3.074331955                    0                    0                    0                    0         -2.801915656         0.8066761583                    0                    0                    0                    0                    0                    0                    0                    0                    0                    0                    0                    0                    0                    0                    0                    0
  "BR3.BPM13L3"                          12            "monitor"           123.277835          5.602875669          1.784748704          11.32447285         -4.346066703          3.261294434          3.341417532                    0                    0                    0                    0         -2.802328292         0.7737258228                    0                    0                    0                    0                    0                    0                    0                    0                    0                    0                    0                    0                    0                    0                    0                    0
  "BR3.BPM14L3"                          13            "monitor"           133.095339          5.642100523          1.746410292          11.07718394         -4.213448782          3.525880026          3.602176603                    0                    0                    0                    0         -2.987514365         0.8341386599                    0                    0                    0                    0                    0                    0                    0                    0                    0                    0                    0                    0                    0                    0                    0                    0
  "BR3.BPM15L3"                          14            "monitor"           142.912834          5.565620731          1.771680678          11.39456214         -4.368467654          3.782514322          3.868658882                    0                    0                    0                    0         -2.962548346         0.8590790919                    0                    0                    0                    0                    0                    0                    0                    0                    0                    0                    0                    0                    0                    0                    0                    0
  "BR3.BPM16L3"                          15            "monitor"           152.730339          5.678014145          1.759923213          11.01660211         -4.195693771          4.046813997           4.13019691                    0                    0                    0                    0          -2.78066545         0.7953594324                    0                    0                    0                    0                    0                    0                    0                    0                    0                    0                    0                    0                    0                    0                    0                    0
