@ NAME                 %s               "PSB3"
@ TYPE                 %s              "twiss"
@ TITLE                %n                  nil
@ ORIGIN               %s "MAD 1.1.15 Linux 64"
@ DATE                 %s           "11/09/26"
@ TIME                 %s           "23:07:35"
@ REFCOL               %s               "name"
@ DIRECTION            %le                    1
@ OBSERVE              %le                    1
@ ENERGY               %le          1.098272088
@ DELTAP               %le                    0
@ LENGTH               %le               157.08
@ ALFAP                %le        0.06525206073
@ Q1                   %le          4.168937782
@ Q2                   %le          4.220733503
@ Q3                   %le                    0
@ DQ1                  %le         -6.446700909
@ DQ2                  %le         -12.95666939
@ DQ3                  %le                    0
* NAME                                INDEX                 KIND                    S                 BETX                 ALFX                 BETY                 ALFY                  MUX                  MUY                    X                   PX                    Y                   PY                   DX                  DPX                   DY                  DPY                  R11                  R12                  R21                  R22                  K1L                  K2L                  K3L                  K4L                  K5L                 K1SL                 K2SL                 K3SL                 K4SL                 K5SL
$ %s                                     %d                   %s                  %le                  %le                  %le                  %le                  %le                  %le                  %le                  %le                  %le                  %le                  %le                  %le                  %le                  %le                  %le                  %le                  %le                  %le                  %le                  %le                  %le                  %le                  %le                  %le                  %le                  %le                  %le                  %le                  %le
  "BR3.BPM1L3"                            0            "monitor"             5.467797          5.611344749          1.761833406          11.21633414         -4.284784898         0.1393389685         0.1717327945                    0                    0                    0                    0         -2.889001725           0.81750515                    0                    0                    0                    0                    0                    0                    0                    0                    0                    0                    0                    0                    0                    0                    0                    0
  "BR3.BPM2L3"                            1            "monitor"            15.285302          5.611327131          1.761829749          11.21637772          -4.28479375         0.3998977217         0.4355287049                    0                    0                    0                    0         -2.888997465         0.8175049864                    0                    0                    0                    0                    0                    0                    0                    0                    0                    0                    0                    0                    0                    0                    0                    0
  "BR3.BPM3L3"                            2            "monitor"            25.102807          5.611309512          1.761826092           11.2164201         -4.284802248         0.6604564749         0.6993246243                    0                    0                    0                    0         -2.888993852         0.8175050916                    0                    0                    0                    0                    0                    0                    0                    0                    0                    0                    0                    0                    0                    0                    0                    0
  "BR3.BPM4L3"                            3            "monitor"            34.920312          5.611291894          1.761822435          11.21646318         -4.284810934         0.9210152281         0.9631205366                    0                    0                    0                    0         -2.888990127         0.8175053129                    0                    0                    0                    0                    0                    0                    0                    0                    0                    0                    0                    0                    0                    0                    0                    0
  "BR3.BPM5L3"                            4            "monitor"            44.737806          5.611313036          1.761826823           11.2164116          -4.28480055          1.181573669          1.226916298                    0                    0                    0                    0         -2.888994407         0.8175051741                    0                    0                    0                    0                    0                    0                    0                    0                    0                    0                    0                    0                    0                    0                    0                    0
  "BR3.BPM6L3"                            5            "monitor"            54.555311          5.611295418          1.761823166          11.21645468         -4.284809212          1.442132423          1.490712209                    0                    0                    0                    0         -2.888989889         0.8175049038                    0                    0                    0                    0                    0                    0                    0                    0                    0                    0                    0                    0                    0                    0                    0                    0
  "BR3.BPM7L3"                            6            "monitor"            64.372816          5.611277799          1.761819509          11.21649728         -4.284817784          1.702691176          1.754508127                    0                    0                    0                    0         -2.888986437         0.8175050154                    0                    0                    0                    0                    0                    0                    0                    0                    0                    0                    0                    0                    0                    0                    0                    0
  "BR3.BPM8L3"                            7            "monitor"            74.190321          5.611260181          1.761815852          11.21654016         -4.284826405          1.963249929           2.01830404                    0                    0                    0                    0         -2.888982949         0.8175053425                    0                    0                    0                    0                    0                    0                    0                    0                    0                    0                    0                    0                    0                    0                    0                    0
  "BR3.BPM9L3"                            8            "monitor"            84.007826          5.611242563          1.761812195          11.21658301          -4.28483506          2.223808682          2.282099955                    0                    0                    0                    0         -2.888978044         0.8175051833                    0                    0                    0                    0                    0                    0                    0                    0                    0                    0                    0                    0                    0                    0                    0                    0
  "BR3.BPM10L3"                           9            "monitor"             93.82532          5.611263705          1.761816584          11.21653168         -4.284824737          2.484367123          2.545895714                    0                    0                    0                    0         -2.888982608         0.8175049446                    0                    0                    0                    0                    0                    0                    0                    0                    0                    0                    0                    0                    0                    0                    0                    0
  "BR3.BPM11L3"                          10            "monitor"           103.642825          5.611246087          1.761812927          11.21657431         -4.284833262          2.744925877          2.809691627                    0                    0                    0                    0          -2.88897913         0.8175050638                    0                    0                    0                    0                    0                    0                    0                    0                    0                    0                    0                    0                    0                    0                    0                    0
  "BR3.BPM12L3"                          11            "monitor"            113.46033          5.611228469           1.76180927          11.21661755          -4.28484208           3.00548463          3.073487545                    0                    0                    0                    0         -2.888975556         0.8175053584                    0                    0                    0                    0                    0                    0                    0                    0                    0                    0                    0                    0                    0                    0                    0                    0
  "BR3.BPM13L3"                          12            "monitor"           123.277835          5.611210851          1.761805613          11.21665994         -4.284850502          3.266043383          3.337283457                    0                    0                    0                    0         -2.888970687         0.8175051958                    0                    0                    0                    0                    0                    0                    0                    0                    0                    0                    0                    0                    0                    0                    0                    0
  "BR3.BPM14L3"                          13            "monitor"           133.095339          5.611196756          1.761802687          11.21669473         -4.284857629          3.526602108           3.60107936                    0                    0                    0                    0         -2.888967007         0.8175049228                    0                    0                    0                    0                    0                    0                    0                    0                    0                    0                    0                    0                    0                    0                    0                    0
  "BR3.BPM15L3"                          14            "monitor"           142.912834          5.611214374          1.761806344          11.21665133         -4.284848768          3.787160577          3.864875131                    0                    0                    0                    0          -2.88897193         0.8175051216                    0                    0                    0                    0                    0                    0                    0                    0                    0                    0                    0                    0                    0                    0                    0                    0
  "BR3.BPM16L3"                          15            "monitor"           152.730339          5.611196756          1.761802687           11.2166949         -4.284857663          4.047719331          4.128671046                    0                    0                    0                    0         -2.888967991         0.8175053008                    0                    0                    0                    0                    0                    0                    0                    0                    0                    0                    0                    0                    0                    0                    0                    0
