@ NAME                 %s               "PSB3"
@ TYPE                 %s              "twiss"
@ TITLE                %n                  nil
@ ORIGIN               %s "MAD 1.1.15 Linux 64"
@ DATE                 %s           "11/09/26"
@ TIME                 %s           "23:17:51"
@ REFCOL               %s               "name"
@ DIRECTION            %le                    1
@ OBSERVE              %le                    1
@ ENERGY               %le          1.098272088
@ DELTAP               %le                    0
@ LENGTH               %le               157.08
@ ALFAP                %le        0.06483239796
@ Q1                   %le               4.1652
@ Q2                   %le          4.224300001
@ Q3                   %le                    0
@ DQ1                  %le         -6.447773202
@ DQ2                  %le         -12.94784701
@ DQ3                  %le                    0
* NAME                                INDEX                 KIND                    S                 BETX                 ALFX                 BETY                 ALFY                  MUX                  MUY                    X                   PX                    Y                   PY                   DX                  DPX                   DY                  DPY                  R11                  R12                  R21                  R22                  K1L                  K2L                  K3L                  K4L                  K5L                 K1SL                 K2SL                 K3SL                 K4SL                 K5SL
$ %s                                     %d                   %s                  %le                  %le                  %le                  %le                  %le                  %le                  %le                  %le                  %le                  %le                  %le                  %le                  %le                  %le                  %le                  %le                  %le                  %le                  %le                  %le                  %le                  %le                  %le                  %le                  %le                  %le                  %le                  %le                  %le
  "BR3.BPM1L3"                            0            "monitor"             5.467797          5.531994648          1.758069484           11.4427311          -4.38060285         0.1384584302         0.1715600044                    0                    0                    0                    0         -2.829855599         0.7788408907                    0                    0                    0                    0                    0                    0                    0                    0                    0                    0                    0                    0                    0                    0                    0                    0
  "BR3.BPM2L3"                            1            "monitor"            15.285302          5.709736913          1.773631682          10.98036406         -4.188795084         0.4022062946           0.43415801                    0                    0                    0                    0         -3.005614445         0.8448736601                    0                    0                    0                    0                    0                    0                    0                    0                    0                    0                    0                    0                    0                    0                    0                    0
  "BR3.BPM3L3"                            2            "monitor"            25.102807          5.750235594          1.813395782          10.98093593         -4.200764338         0.6570805563         0.7023631138                    0                    0                    0                    0         -3.015035336         0.8606359734                    0                    0                    0                    0                    0                    0                    0                    0                    0                    0                    0                    0                    0                    0                    0                    0
  "BR3.BPM4L3"                            3            "monitor"            34.920312          5.483552715          1.710563015          11.44200947         -4.361387027         0.9191496396         0.9649347399                    0                    0                    0                    0         -2.860916727         0.8308079917                    0                    0                    0                    0                    0                    0                    0                    0                    0                    0                    0                    0                    0                    0                    0                    0
  "BR3.BPM5L3"                            4            "monitor"            44.737806          5.733735576          1.814326828          11.01785454         -4.221730147          1.177691099          1.230518565                    0                    0                    0                    0         -2.767206459         0.7727511829                    0                    0                    0                    0                    0                    0                    0                    0                    0                    0                    0                    0                    0                    0                    0                    0
  "BR3.BPM6L3"                            5            "monitor"            54.555311          5.504447163          1.711453195          11.39234652         -4.336227025           1.44069604          1.492049761                    0                    0                    0                    0         -2.933727619         0.8102676637                    0                    0                    0                    0                    0                    0                    0                    0                    0                    0                    0                    0                    0                    0                    0                    0
  "BR3.BPM7L3"                            6            "monitor"            64.372816          5.708787307          1.811625721           11.0788306         -4.250341266          1.698376997          1.758548294                    0                    0                    0                    0         -3.005385013         0.8633560351                    0                    0                    0                    0                    0                    0                    0                    0                    0                    0                    0                    0                    0                    0                    0                    0
  "BR3.BPM8L3"                            7            "monitor"            74.190321          5.532908926          1.715896589           11.3221313         -4.305072564           1.96214579          2.019309612                    0                    0                    0                    0         -2.829366083         0.8188090385                    0                    0                    0                    0                    0                    0                    0                    0                    0                    0                    0                    0                    0                    0                    0                    0
  "BR3.BPM9L3"                            8            "monitor"            84.007826          5.677170876          1.805488838          11.15651775         -4.283172533          2.219166147          2.286401691                    0                    0                    0                    0         -2.781010871         0.7716201008                    0                    0                    0                    0                    0                    0                    0                    0                    0                    0                    0                    0                    0                    0                    0                    0
  "BR3.BPM10L3"                           9            "monitor"             93.82532          5.567023041          1.723598034           11.2395498         -4.271599459           2.48347354          2.546755918                    0                    0                    0                    0          -2.96343357         0.8224164798                    0                    0                    0                    0                    0                    0                    0                    0                    0                    0                    0                    0                    0                    0                    0                    0
  "BR3.BPM11L3"                          10            "monitor"           103.642825          5.641131723          1.796352567          11.24157565          -4.31629523          2.740079941          2.814050606                    0                    0                    0                    0         -2.987622454          0.862878291                    0                    0                    0                    0                    0                    0                    0                    0                    0                    0                    0                    0                    0                    0                    0                    0
  "BR3.BPM12L3"                          11            "monitor"            113.46033          5.604331262          1.734003958          11.15462799         -4.239833149          3.004664391          3.074409865                    0                    0                    0                    0         -2.801996937          0.806723554                    0                    0                    0                    0                    0                    0                    0                    0                    0                    0                    0                    0                    0                    0                    0                    0
  "BR3.BPM13L3"                          12            "monitor"           123.277835           5.60310812          1.784838613          11.32405904         -4.345801379           3.26113256          3.341492409                    0                    0                    0                    0         -2.802382317         0.7736984103                    0                    0                    0                    0                    0                    0                    0                    0                    0                    0                    0                    0                    0                    0                    0                    0
  "BR3.BPM14L3"                          13            "monitor"           133.095339           5.64226648          1.746395583          11.07739031         -4.213539541          3.525712481          3.602267753                    0                    0                    0                    0         -2.987948332         0.8342267258                    0                    0                    0                    0                    0                    0                    0                    0                    0                    0                    0                    0                    0                    0                    0                    0
  "BR3.BPM15L3"                          14            "monitor"           142.912834          5.565832146          1.771767116          11.39396067         -4.368139183          3.782327577          3.868748202                    0                    0                    0                    0         -2.962987835          0.859235997                    0                    0                    0                    0                    0                    0                    0                    0                    0                    0                    0                    0                    0                    0                    0                    0
  "BR3.BPM16L3"                          15            "monitor"           152.730339          5.678205063          1.759912716          11.01698135         -4.195839709          4.046622094          4.130300908                    0                    0                    0                    0         -2.780720411         0.7953955918                    0                    0                    0                    0                    0                    0                    0                    0                    0                    0                    0                    0                    0                    0                    0                    0
