@ NAME                 %s               "PSB3"
@ TYPE                 %s              "twiss"
@ TITLE                %n                  nil
@ ORIGIN               %s "MAD 1.1.15 Linux 64"
@ DATE                 %s           "11/09/26"
@ TIME                 %s           "23:17:51"
@ REFCOL               %s               "name"
@ DIRECTION            %le                    1
@ OBSERVE              %le                    1
@ ENERGY               %le          1.098272088
@ DELTAP               %le                    0
@ LENGTH               %le               157.08
@ ALFAP                %le        0.06525690042
@ Q1                   %le          4.168740841
@ Q2                   %le          4.220843306
@ Q3                   %le                    0
@ DQ1                  %le         -6.446482687
@ DQ2                  %le         -12.95653094
@ DQ3                  %le                    0
* NAME                                INDEX                 KIND                    S                 BETX                 ALFX                 BETY                 ALFY                  MUX                  MUY                    X                   PX                    Y                   PY                   DX                  DPX                   DY                  DPY                  R11                  R12                  R21                  R22                  K1L                  K2L                  K3L                  K4L                  K5L                 K1SL                 K2SL                 K3SL                 K4SL                 K5SL
$ %s                                     %d                   %s                  %le                  %le                  %le                  %le                  %le                  %le                  %le                  %le                  %le                  %le                  %le                  %le                  %le                  %le                  %le                  %le                  %le                  %le                  %le                  %le                  %le                  %le                  %le                  %le                  %le                  %le                  %le                  %le                  %le
  "BR3.BPM1L3"                            0            "monitor"             5.467797          5.611533226          1.761868358          11.21619803         -4.284687088         0.1393315058         0.1717379575                    0                    0                    0                    0         -2.889252978         0.8175701406                    0                    0                    0                    0                    0                    0                    0                    0                    0                    0                    0                    0                    0                    0                    0                    0
  "BR3.BPM2L3"                            1            "monitor"            15.285302          5.611515608          1.761864701          11.21624161         -4.284695941         0.3998779501         0.4355407305                    0                    0                    0                    0         -2.889248718         0.8175699768                    0                    0                    0                    0                    0                    0                    0                    0                    0                    0                    0                    0                    0                    0                    0                    0
  "BR3.BPM3L3"                            2            "monitor"            25.102807          5.611497989          1.761861044          11.21628399         -4.284704438         0.6604243945         0.6993435125                    0                    0                    0                    0         -2.889245104         0.8175700822                    0                    0                    0                    0                    0                    0                    0                    0                    0                    0                    0                    0                    0                    0                    0                    0
  "BR3.BPM4L3"                            3            "monitor"            34.920312           5.61148037          1.761857388          11.21632706         -4.284713124         0.9209708388         0.9631462876                    0                    0                    0                    0          -2.88924138         0.8175703037                    0                    0                    0                    0                    0                    0                    0                    0                    0                    0                    0                    0                    0                    0                    0                    0
  "BR3.BPM5L3"                            4            "monitor"            44.737806          5.611501513          1.761861776          11.21627548          -4.28470274          1.181516971          1.226948912                    0                    0                    0                    0         -2.889245659         0.8175701647                    0                    0                    0                    0                    0                    0                    0                    0                    0                    0                    0                    0                    0                    0                    0                    0
  "BR3.BPM6L3"                            5            "monitor"            54.555311          5.611483894          1.761858119          11.21631857         -4.284711402          1.442063416          1.490751686                    0                    0                    0                    0         -2.889241141         0.8175698942                    0                    0                    0                    0                    0                    0                    0                    0                    0                    0                    0                    0                    0                    0                    0                    0
  "BR3.BPM7L3"                            6            "monitor"            64.372816          5.611466275          1.761854462          11.21636116         -4.284719974           1.70260986          1.754554466                    0                    0                    0                    0         -2.889237689         0.8175700059                    0                    0                    0                    0                    0                    0                    0                    0                    0                    0                    0                    0                    0                    0                    0                    0
  "BR3.BPM8L3"                            7            "monitor"            74.190321          5.611448657          1.761850805          11.21640404         -4.284728595          1.963156304          2.018357241                    0                    0                    0                    0         -2.889234201         0.8175703334                    0                    0                    0                    0                    0                    0                    0                    0                    0                    0                    0                    0                    0                    0                    0                    0
  "BR3.BPM9L3"                            8            "monitor"            84.007826          5.611431038          1.761847148           11.2164469         -4.284737249          2.223702749           2.28216002                    0                    0                    0                    0         -2.889229295         0.8175701739                    0                    0                    0                    0                    0                    0                    0                    0                    0                    0                    0                    0                    0                    0                    0                    0
  "BR3.BPM10L3"                           9            "monitor"             93.82532          5.611452181          1.761851536          11.21639556         -4.284726926          2.484248881          2.545962641                    0                    0                    0                    0         -2.889233859          0.817569935                    0                    0                    0                    0                    0                    0                    0                    0                    0                    0                    0                    0                    0                    0                    0                    0
  "BR3.BPM11L3"                          10            "monitor"           103.642825          5.611434562           1.76184788          11.21643819         -4.284735452          2.744795325          2.809765416                    0                    0                    0                    0         -2.889230381         0.8175700544                    0                    0                    0                    0                    0                    0                    0                    0                    0                    0                    0                    0                    0                    0                    0                    0
  "BR3.BPM12L3"                          11            "monitor"            113.46033          5.611416944          1.761844223          11.21648143         -4.284744269           3.00534177          3.073568197                    0                    0                    0                    0         -2.889226807         0.8175703492                    0                    0                    0                    0                    0                    0                    0                    0                    0                    0                    0                    0                    0                    0                    0                    0
  "BR3.BPM13L3"                          12            "monitor"           123.277835          5.611399325          1.761840566          11.21652382         -4.284752691          3.265888214          3.337370972                    0                    0                    0                    0         -2.889221938         0.8175701864                    0                    0                    0                    0                    0                    0                    0                    0                    0                    0                    0                    0                    0                    0                    0                    0
  "BR3.BPM14L3"                          13            "monitor"           133.095339          5.611385231           1.76183764          11.21655861         -4.284759817           3.52643463          3.601173738                    0                    0                    0                    0         -2.889218257         0.8175699132                    0                    0                    0                    0                    0                    0                    0                    0                    0                    0                    0                    0                    0                    0                    0                    0
  "BR3.BPM15L3"                          14            "monitor"           142.912834          5.611402849          1.761841297          11.21651521         -4.284750957          3.786980791          3.864976372                    0                    0                    0                    0         -2.889223181         0.8175701121                    0                    0                    0                    0                    0                    0                    0                    0                    0                    0                    0                    0                    0                    0                    0                    0
  "BR3.BPM16L3"                          15            "monitor"           152.730339          5.611385231           1.76183764          11.21655878         -4.284759851          4.047527235          4.128779149                    0                    0                    0                    0         -2.889219242         0.8175702917                    0                    0                    0                    0                    0                    0                    0                    0                    0                    0                    0                    0                    0                    0                    0                    0
