@ NAME                 %s               "PSB3"
@ TYPE                 %s              "twiss"
@ TITLE                %n                  nil
@ ORIGIN               %s "MAD 1.1.14 Linux 64"
@ DATE                 %s           "31/08/26"
@ TIME                 %s           "02:38:51"
@ REFCOL               %s               "name"
@ DIRECTION            %le                    1
@ OBSERVE              %le                    1
@ ENERGY               %le          1.098272088
@ DELTAP               %le                    0
@ LENGTH               %le               157.08
@ ALFAP                %le        0.06335033904
@ Q1                   %le          4.228901798
@ Q2                   %le            4.1199532
@ Q3                   %le                    0
@ DQ1                  %le         -6.488402796
@ DQ2                  %le         -12.82941239
@ DQ3                  %le                    0
* NAME                                INDEX                 KIND                    S                 BETX                 ALFX                 BETY                 ALFY                  MUX                  MUY                    X                   PX                    Y                   PY                   DX                  DPX                   DY                  DPY                  R11                  R12                  R21                  R22                  K1L                  K2L                  K3L                  K4L                  K5L                 K1SL                 K2SL                 K3SL                 K4SL                 K5SL
$ %s                                     %d                   %s                  %le                  %le                  %le                  %le                  %le                  %le                  %le                  %le                  %le                  %le                  %le                  %le                  %le                  %le                  %le                  %le                  %le                  %le                  %le                  %le                  %le                  %le                  %le                  %le                  %le                  %le                  %le                  %le                  %le
  "BR3.BPM1L3"                            0            "monitor"             5.467797          5.562570281          1.743640257          11.25956759         -4.279583238         0.1417400596         0.1668538313                    0                    0                    0                    0         -2.814603152         0.7934914998                    0                    0                    0                    0                    0                    0                    0                    0                    0                    0                    0                    0                    0                    0                    0                    0
  "BR3.BPM2L3"                            1            "monitor"            15.285302          5.562552845          1.743636625          11.25961134         -4.279592117          0.406046565         0.4243509721                    0                    0                    0                    0         -2.814599117         0.7934914013                    0                    0                    0                    0                    0                    0                    0                    0                    0                    0                    0                    0                    0                    0                    0                    0
  "BR3.BPM3L3"                            2            "monitor"            25.102807          5.562535408          1.743632993           11.2596534         -4.279600462         0.6703530705         0.6818481225                    0                    0                    0                    0         -2.814595434         0.7934914644                    0                    0                    0                    0                    0                    0                    0                    0                    0                    0                    0                    0                    0                    0                    0                    0
  "BR3.BPM4L3"                            3            "monitor"            34.920312          5.562517972          1.743629362          11.25969673         -4.279609209         0.9346595759         0.9393452654                    0                    0                    0                    0         -2.814591735         0.7934916225                    0                    0                    0                    0                    0                    0                    0                    0                    0                    0                    0                    0                    0                    0                    0                    0
  "BR3.BPM5L3"                            4            "monitor"            44.737806          5.562538895           1.74363372          11.25964488         -4.279598765          1.198965767          1.196842259                    0                    0                    0                    0         -2.814596062         0.7934915279                    0                    0                    0                    0                    0                    0                    0                    0                    0                    0                    0                    0                    0                    0                    0                    0
  "BR3.BPM6L3"                            5            "monitor"            54.555311          5.562521459          1.743630088          11.25968828         -4.279607509          1.463272272            1.4543394                    0                    0                    0                    0         -2.814591754         0.7934913189                    0                    0                    0                    0                    0                    0                    0                    0                    0                    0                    0                    0                    0                    0                    0                    0
  "BR3.BPM7L3"                            6            "monitor"            64.372816          5.562504023          1.743626456          11.25973042         -4.279615883          1.727578778          1.711836549                    0                    0                    0                    0         -2.814588233         0.7934913864                    0                    0                    0                    0                    0                    0                    0                    0                    0                    0                    0                    0                    0                    0                    0                    0
  "BR3.BPM8L3"                            7            "monitor"            74.190321          5.562486587          1.743622825          11.25977367         -4.279624602          1.991885283          1.969333692                    0                    0                    0                    0         -2.814584778         0.7934916541                    0                    0                    0                    0                    0                    0                    0                    0                    0                    0                    0                    0                    0                    0                    0                    0
  "BR3.BPM9L3"                            8            "monitor"            84.007826           5.56246915          1.743619193          11.25981605         -4.279633054          2.256191788           2.22683084                    0                    0                    0                    0          -2.81458017         0.7934915355                    0                    0                    0                    0                    0                    0                    0                    0                    0                    0                    0                    0                    0                    0                    0                    0
  "BR3.BPM10L3"                           9            "monitor"             93.82532          5.562490074          1.743623551          11.25976519         -4.279622937          2.520497979          2.484327829                    0                    0                    0                    0         -2.814584684         0.7934913568                    0                    0                    0                    0                    0                    0                    0                    0                    0                    0                    0                    0                    0                    0                    0                    0
  "BR3.BPM11L3"                          10            "monitor"           103.642825          5.562472638          1.743619919          11.25980739         -4.279631282          2.784804485          2.741824973                    0                    0                    0                    0         -2.814581149         0.7934914366                    0                    0                    0                    0                    0                    0                    0                    0                    0                    0                    0                    0                    0                    0                    0                    0
  "BR3.BPM12L3"                          11            "monitor"            113.46033          5.562455201          1.743616288          11.25985091         -4.279640153           3.04911099          2.999322121                    0                    0                    0                    0         -2.814577603         0.7934916719                    0                    0                    0                    0                    0                    0                    0                    0                    0                    0                    0                    0                    0                    0                    0                    0
  "BR3.BPM13L3"                          12            "monitor"           123.277835          5.562437765          1.743612656          11.25989296         -4.279648435          3.313417495          3.256819265                    0                    0                    0                    0         -2.814573025         0.7934915468                    0                    0                    0                    0                    0                    0                    0                    0                    0                    0                    0                    0                    0                    0                    0                    0
  "BR3.BPM14L3"                          13            "monitor"           133.095339          5.562423816          1.743609751          11.25992795          -4.27965559          3.577723972          3.514316397                    0                    0                    0                    0          -2.81456954         0.7934913339                    0                    0                    0                    0                    0                    0                    0                    0                    0                    0                    0                    0                    0                    0                    0                    0
  "BR3.BPM15L3"                          14            "monitor"           142.912834          5.562441253          1.743613382           11.2598844         -4.279646724          3.842030192          3.771813402                    0                    0                    0                    0         -2.814574173         0.7934914973                    0                    0                    0                    0                    0                    0                    0                    0                    0                    0                    0                    0                    0                    0                    0                    0
  "BR3.BPM16L3"                          15            "monitor"           152.730339          5.562423816          1.743609751           11.2599281         -4.279655619          4.106336697          4.029310546                    0                    0                    0                    0         -2.814570248          0.793491613                    0                    0                    0                    0                    0                    0                    0                    0                    0                    0                    0                    0                    0                    0                    0                    0
