@ NAME                 %s               "PSB3"
@ TYPE                 %s              "twiss"
@ TITLE                %n                  nil
@ ORIGIN               %s "MAD 1.1.14 Linux 64"
@ DATE                 %s           "31/08/26"
@ TIME                 %s           "02:38:51"
@ REFCOL               %s               "name"
@ DIRECTION            %le                    1
@ OBSERVE              %le                    1
@ ENERGY               %le          1.098272088
@ DELTAP               %le                    0
@ LENGTH               %le               157.08
@ ALFAP                %le        0.06301638138
@ Q1                   %le          4.225399971
@ Q2                   %le          4.123499964
@ Q3                   %le                    0
@ DQ1                  %le         -6.489231324
@ DQ2                  %le         -12.82433733
@ DQ3                  %le                    0
* NAME                                INDEX                 KIND                    S                 BETX                 ALFX                 BETY                 ALFY                  MUX                  MUY                    X                   PX                    Y                   PY                   DX                  DPX                   DY                  DPY                  R11                  R12                  R21                  R22                  K1L                  K2L                  K3L                  K4L                  K5L                 K1SL                 K2SL                 K3SL                 K4SL                 K5SL
$ %s                                     %d                   %s                  %le                  %le                  %le                  %le                  %le                  %le                  %le                  %le                  %le                  %le                  %le                  %le                  %le                  %le                  %le                  %le                  %le                  %le                  %le                  %le                  %le                  %le                  %le                  %le                  %le                  %le                  %le                  %le                  %le
  "BR3.BPM1L3"                            0            "monitor"             5.467797          5.466558198          1.727249157          11.47375727         -4.387335332         0.1417649974         0.1687054799                    0                    0                    0                    0         -2.784130881         0.7680543118                    0                    0                    0                    0                    0                    0                    0                    0                    0                    0                    0                    0                    0                    0                    0                    0
  "BR3.BPM2L3"                            1            "monitor"            15.285302          5.673376102          1.768021934          11.03010852         -4.167877514         0.4079873303         0.4221578941                    0                    0                    0                    0         -2.905341159         0.8179054215                    0                    0                    0                    0                    0                    0                    0                    0                    0                    0                    0                    0                    0                    0                    0                    0
  "BR3.BPM3L3"                            2            "monitor"            25.102807          5.687489174          1.781923634          11.03016181          -4.21685995         0.6680452952         0.6871386118                    0                    0                    0                    0         -2.908047048         0.8224532059                    0                    0                    0                    0                    0                    0                    0                    0                    0                    0                    0                    0                    0                    0                    0                    0
  "BR3.BPM4L3"                            3            "monitor"            34.920312          5.441433041          1.702564677          11.47387584         -4.334672052         0.9325329129         0.9405908903                    0                    0                    0                    0         -2.808039806         0.8082000008                    0                    0                    0                    0                    0                    0                    0                    0                    0                    0                    0                    0                    0                    0                    0                    0
  "BR3.BPM5L3"                            4            "monitor"            44.737806          5.681307407          1.787858669          11.08595872         -4.241550266          1.196038124          1.202406975                    0                    0                    0                    0         -2.722320716         0.7618890876                    0                    0                    0                    0                    0                    0                    0                    0                    0                    0                    0                    0                    0                    0                    0                    0
  "BR3.BPM6L3"                            5            "monitor"            54.555311          5.455353152          1.699380302           11.4146217         -4.309152474          1.461751732           1.45534257                    0                    0                    0                    0         -2.837710482         0.7844567493                    0                    0                    0                    0                    0                    0                    0                    0                    0                    0                    0                    0                    0                    0                    0                    0
  "BR3.BPM7L3"                            6            "monitor"            64.372816          5.660072209          1.788184507          11.14820393         -4.267684779          1.724099607          1.717594249                    0                    0                    0                    0         -2.902712586         0.8267158665                    0                    0                    0                    0                    0                    0                    0                    0                    0                    0                    0                    0                    0                    0                    0                    0
  "BR3.BPM8L3"                            7            "monitor"            74.190321           5.48311795           1.70190255           11.3501837         -4.282684227          1.990858249          1.970174852                    0                    0                    0                    0         -2.775644403         0.7965611988                    0                    0                    0                    0                    0                    0                    0                    0                    0                    0                    0                    0                    0                    0                    0                    0
  "BR3.BPM9L3"                            8            "monitor"            84.007826          5.626534426          1.782866656          11.21460455         -4.294320361          2.252298607          2.232694014                    0                    0                    0                    0         -2.733447391         0.7597159584                    0                    0                    0                    0                    0                    0                    0                    0                    0                    0                    0                    0                    0                    0                    0                    0
  "BR3.BPM10L3"                           9            "monitor"             93.82532          5.521246839          1.709823571          11.28265744         -4.256167425          2.519788207          2.485093771                    0                    0                    0                    0         -2.868091431         0.7964857794                    0                    0                    0                    0                    0                    0                    0                    0                    0                    0                    0                    0                    0                    0                    0                    0
  "BR3.BPM11L3"                          10            "monitor"           103.642825          5.585018127          1.772592512          11.28271791         -4.320495467          2.780688079          2.747703125                    0                    0                    0                    0         -2.886107521          0.826729404                    0                    0                    0                    0                    0                    0                    0                    0                    0                    0                    0                    0                    0                    0                    0                    0
  "BR3.BPM12L3"                          11            "monitor"            113.46033          5.564788511          1.722114722          11.21462053         -4.230577944           3.04850297          3.000103065                    0                    0                    0                    0         -2.748229282         0.7845298029                    0                    0                    0                    0                    0                    0                    0                    0                    0                    0                    0                    0                    0                    0                    0                    0
  "BR3.BPM13L3"                          12            "monitor"           123.277835          5.540755445          1.758659895          11.35032235         -4.345321852          3.309299075          3.262622175                    0                    0                    0                    0         -2.754958959         0.7618625668                    0                    0                    0                    0                    0                    0                    0                    0                    0                    0                    0                    0                    0                    0                    0                    0
  "BR3.BPM14L3"                          13            "monitor"           133.095339          5.608210506          1.737211589          11.14838165         -4.206801731          3.576991603          3.515202841                    0                    0                    0                    0          -2.89162069         0.8081317765                    0                    0                    0                    0                    0                    0                    0                    0                    0                    0                    0                    0                    0                    0                    0                    0
  "BR3.BPM15L3"                          14            "monitor"           142.912834          5.499480581           1.74286607          11.41483712         -4.367882824          3.838133764          3.777454279                    0                    0                    0                    0         -2.860354722         0.8224919754                    0                    0                    0                    0                    0                    0                    0                    0                    0                    0                    0                    0                    0                    0                    0                    0
  "BR3.BPM16L3"                          15            "monitor"           152.730339          5.645983416          1.753188276          11.08622174         -4.185667737          4.105272112          4.030389995                    0                    0                    0                    0         -2.729299819         0.7736445103                    0                    0                    0                    0                    0                    0                    0                    0                    0                    0                    0                    0                    0                    0                    0                    0
