@ name               %04s     "PSB3"
@ type               %05s     "twiss"
@ title              %n       nil
@ origin             %19s     "MAD 1.1.14 Linux 64"
@ date               %08s     "22/08/26"
@ time               %08s     "13:48:44"
@ refcol             %04s     "name"
@ direction          %le       1
@ observe            %le       1
@ energy             %le       1.098272088
@ deltap             %le       0
@ length             %le       157.08
@ alfap              %le       0.06535084433
@ q1                 %le       4.164999972
@ q2                 %le       4.227499962
@ q3                 %le       0
@ dq1                %le      -6.444037342
@ dq2                %le      -13.0256441
@ dq3                %le       0
* name               kind               s                  beta11             alfa11             beta22             alfa22             mu1                mu2                x                  px                 y                  py                 dx                 dpx                dy                 dpy                r11                r12                r21                r22                k1l                k2l                k3l                k4l                k5l                k1sl               k2sl               k3sl               k4sl               k5sl
$ %s                 %s                 %le                %le                %le                %le                %le                %le                %le                %le                %le                %le                %le                %le                %le                %le                %le                %le                %le                %le                %le                %le                %le                %le                %le                %le                %le                %le                %le                %le                %le
  "BR3.BPM1L3"       "monitor"           5.467797           5.614635466        1.76305919         11.21376661       -4.285245572        0.1391820373       0.172062175        0                  0                  0                  0                 -2.894002593        0.8191224661       0                  0                  0                  0                  0                  0                  0                  0                  0                  0                  0                  0                  0                  0                  0                  0
  "BR3.BPM2L3"       "monitor"           15.285302          5.614617835        1.763055532        11.2138102        -4.285254427        0.3994946773       0.436280989        0                  0                  0                  0                 -2.893998316        0.8191222967       0                  0                  0                  0                  0                  0                  0                  0                  0                  0                  0                  0                  0                  0                  0                  0
  "BR3.BPM3L3"       "monitor"           25.102807          5.614600205        1.763051873        11.21385259       -4.285262931        0.6598073173       0.7004998122       0                  0                  0                  0                 -2.893994711        0.8191224056       0                  0                  0                  0                  0                  0                  0                  0                  0                  0                  0                  0                  0                  0                  0                  0
  "BR3.BPM4L3"       "monitor"           34.920312          5.614582574        1.763048214        11.21389566       -4.285271616        0.9201199573       0.9647186282       0                  0                  0                  0                 -2.893990987        0.8191226326       0                  0                  0                  0                  0                  0                  0                  0                  0                  0                  0                  0                  0                  0                  0                  0
  "BR3.BPM5L3"       "monitor"           44.737806          5.614603731        1.763052605        11.21384408       -4.285261233        1.180432285        1.228937293        0                  0                  0                  0                 -2.89399526         0.8191224899       0                  0                  0                  0                  0                  0                  0                  0                  0                  0                  0                  0                  0                  0                  0                  0
  "BR3.BPM6L3"       "monitor"           54.555311          5.614586101        1.763048946        11.21388716       -4.285269893        1.440744925        1.493156108        0                  0                  0                  0                 -2.893990725        0.819122214        0                  0                  0                  0                  0                  0                  0                  0                  0                  0                  0                  0                  0                  0                  0                  0
  "BR3.BPM7L3"       "monitor"           64.372816          5.61456847         1.763045287        11.21392977       -4.285278476        1.701057565        1.75737493         0                  0                  0                  0                 -2.893987281        0.8191223295       0                  0                  0                  0                  0                  0                  0                  0                  0                  0                  0                  0                  0                  0                  0                  0
  "BR3.BPM8L3"       "monitor"           74.190321          5.61455084         1.763041629        11.21397264       -4.285287093        1.961370205        2.021593746        0                  0                  0                  0                 -2.893983794        0.8191226622       0                  0                  0                  0                  0                  0                  0                  0                  0                  0                  0                  0                  0                  0                  0                  0
  "BR3.BPM9L3"       "monitor"           84.007826          5.614533209        1.76303797         11.21401552       -4.285295759        2.221682845        2.285812566        0                  0                  0                  0                 -2.893978864        0.8191224992       0                  0                  0                  0                  0                  0                  0                  0                  0                  0                  0                  0                  0                  0                  0                  0
  "BR3.BPM10L3"      "monitor"           93.82532           5.614554366        1.763042361        11.21396416       -4.285285425        2.481995174        2.550031228        0                  0                  0                  0                 -2.893983429        0.819122255        0                  0                  0                  0                  0                  0                  0                  0                  0                  0                  0                  0                  0                  0                  0                  0
  "BR3.BPM11L3"      "monitor"           103.642825         5.614536735        1.763038702        11.21400681       -4.28529396         2.742307814        2.814250044        0                  0                  0                  0                 -2.893979959        0.8191223779       0                  0                  0                  0                  0                  0                  0                  0                  0                  0                  0                  0                  0                  0                  0                  0
  "BR3.BPM12L3"      "monitor"           113.46033          5.614519105        1.763035043        11.21405004       -4.285302778        3.002620454        3.078468866        0                  0                  0                  0                 -2.893976386        0.8191226779       0                  0                  0                  0                  0                  0                  0                  0                  0                  0                  0                  0                  0                  0                  0                  0
  "BR3.BPM13L3"      "monitor"           123.277835         5.614501475        1.763031385        11.21409245       -4.285311205        3.262933094        3.342687682        0                  0                  0                  0                 -2.893971494        0.8191225118       0                  0                  0                  0                  0                  0                  0                  0                  0                  0                  0                  0                  0                  0                  0                  0
  "BR3.BPM14L3"      "monitor"           133.095339         5.61448737         1.763028458        11.21412724       -4.285318334        3.523245705        3.606906488        0                  0                  0                  0                 -2.893967798        0.8191222333       0                  0                  0                  0                  0                  0                  0                  0                  0                  0                  0                  0                  0                  0                  0                  0
  "BR3.BPM15L3"      "monitor"           142.912834         5.614505001        1.763032116        11.21408383       -4.285309469        3.783558062        3.871125164        0                  0                  0                  0                 -2.893972745        0.8191224354       0                  0                  0                  0                  0                  0                  0                  0                  0                  0                  0                  0                  0                  0                  0                  0
  "BR3.BPM16L3"      "monitor"           152.730339         5.61448737         1.763028458        11.21412741       -4.285318369        4.043870702        4.135343982        0                  0                  0                  0                 -2.893968807        0.8191226204       0                  0                  0                  0                  0                  0                  0                  0                  0                  0                  0                  0                  0                  0                  0                  0
