@ NAME                 %s               "PSB3"
@ TYPE                 %s              "twiss"
@ TITLE                %n                  nil
@ ORIGIN               %s "MAD 1.1.14 Linux 64"
@ DATE                 %s           "31/08/26"
@ TIME                 %s           "02:50:18"
@ REFCOL               %s               "name"
@ DIRECTION            %le                    1
@ OBSERVE              %le                    1
@ ENERGY               %le          1.098272088
@ DELTAP               %le                    0
@ LENGTH               %le               157.08
@ ALFAP                %le        0.06319589367
@ Q1                   %le          4.233286805
@ Q2                   %le          4.128359957
@ Q3                   %le                    0
@ DQ1                  %le         -6.497497804
@ DQ2                  %le         -12.86897101
@ DQ3                  %le                    0
* NAME                                INDEX                 KIND                    S                 BETX                 ALFX                 BETY                 ALFY                  MUX                  MUY                    X                   PX                    Y                   PY                   DX                  DPX                   DY                  DPY                  R11                  R12                  R21                  R22                  K1L                  K2L                  K3L                  K4L                  K5L                 K1SL                 K2SL                 K3SL                 K4SL                 K5SL
$ %s                                     %d                   %s                  %le                  %le                  %le                  %le                  %le                  %le                  %le                  %le                  %le                  %le                  %le                  %le                  %le                  %le                  %le                  %le                  %le                  %le                  %le                  %le                  %le                  %le                  %le                  %le                  %le                  %le                  %le                  %le                  %le
  "BR3.BPM1L3"                            0            "monitor"             5.467797          5.557368657          1.744194739           11.2623258         -4.287467662         0.1418882308         0.1672715584                    0                    0                    0                    0         -2.809181361         0.7928714844                    0                    0                    0                    0                    0                    0                    0                    0                    0                    0                    0                    0                    0                    0                    0                    0
  "BR3.BPM2L3"                            1            "monitor"            15.285302          5.557351215          1.744191102          11.26236959         -4.287476556         0.4064687993         0.4252941215                    0                    0                    0                    0         -2.809177335         0.7928713894                    0                    0                    0                    0                    0                    0                    0                    0                    0                    0                    0                    0                    0                    0                    0                    0
  "BR3.BPM3L3"                            2            "monitor"            25.102807          5.557333774          1.744187466          11.26241177         -4.287484943         0.6710493678          0.683316694                    0                    0                    0                    0         -2.809173644         0.7928714503                    0                    0                    0                    0                    0                    0                    0                    0                    0                    0                    0                    0                    0                    0                    0                    0
  "BR3.BPM4L3"                            3            "monitor"            34.920312          5.557316332          1.744183829          11.26245514         -4.287493703         0.9356299364         0.9413392593                    0                    0                    0                    0         -2.809169943         0.7928716051                    0                    0                    0                    0                    0                    0                    0                    0                    0                    0                    0                    0                    0                    0                    0                    0
  "BR3.BPM5L3"                            4            "monitor"            44.737806          5.557337262          1.744188193          11.26240323         -4.287483242           1.20021019          1.199361675                    0                    0                    0                    0         -2.809174277         0.7928715128                    0                    0                    0                    0                    0                    0                    0                    0                    0                    0                    0                    0                    0                    0                    0                    0
  "BR3.BPM6L3"                            5            "monitor"            54.555311           5.55731982          1.744184556          11.26244666         -4.287491996          1.464790758          1.457384239                    0                    0                    0                    0         -2.809169977          0.792871307                    0                    0                    0                    0                    0                    0                    0                    0                    0                    0                    0                    0                    0                    0                    0                    0
  "BR3.BPM7L3"                            6            "monitor"            64.372816          5.557302378          1.744180919          11.26248894         -4.287500416          1.729371327           1.71540681                    0                    0                    0                    0         -2.809166449         0.7928713721                    0                    0                    0                    0                    0                    0                    0                    0                    0                    0                    0                    0                    0                    0                    0                    0
  "BR3.BPM8L3"                            7            "monitor"            74.190321          5.557284936          1.744177283          11.26253221         -4.287509145          1.993951895          1.973429375                    0                    0                    0                    0         -2.809162992          0.792871637                    0                    0                    0                    0                    0                    0                    0                    0                    0                    0                    0                    0                    0                    0                    0                    0
  "BR3.BPM9L3"                            8            "monitor"            84.007826          5.557267495          1.744173646          11.26257472         -4.287517643          2.258532464          2.231451945                    0                    0                    0                    0         -2.809158397         0.7928715204                    0                    0                    0                    0                    0                    0                    0                    0                    0                    0                    0                    0                    0                    0                    0                    0
  "BR3.BPM10L3"                           9            "monitor"             93.82532          5.557288425           1.74417801          11.26252372         -4.287507475          2.523112717          2.489474356                    0                    0                    0                    0         -2.809162912         0.7928713447                    0                    0                    0                    0                    0                    0                    0                    0                    0                    0                    0                    0                    0                    0                    0                    0
  "BR3.BPM11L3"                          10            "monitor"           103.642825          5.557270983          1.744174373          11.26256604         -4.287515864          2.787693286          2.747496923                    0                    0                    0                    0         -2.809159371         0.7928714225                    0                    0                    0                    0                    0                    0                    0                    0                    0                    0                    0                    0                    0                    0                    0                    0
  "BR3.BPM12L3"                          11            "monitor"            113.46033          5.557253541          1.744170736          11.26260959         -4.287524749          3.052273855          3.005519493                    0                    0                    0                    0         -2.809155823         0.7928716549                    0                    0                    0                    0                    0                    0                    0                    0                    0                    0                    0                    0                    0                    0                    0                    0
  "BR3.BPM13L3"                          12            "monitor"           123.277835            5.5572361            1.7441671          11.26265177         -4.287533072          3.316854423          3.263542059                    0                    0                    0                    0         -2.809151258         0.7928715315                    0                    0                    0                    0                    0                    0                    0                    0                    0                    0                    0                    0                    0                    0                    0                    0
  "BR3.BPM14L3"                          13            "monitor"           133.095339          5.557222146           1.74416419          11.26268678         -4.287540237          3.581434963          3.521564614                    0                    0                    0                    0          -2.80914778         0.7928713217                    0                    0                    0                    0                    0                    0                    0                    0                    0                    0                    0                    0                    0                    0                    0                    0
  "BR3.BPM15L3"                          14            "monitor"           142.912834          5.557239588          1.744167827          11.26264319         -4.287531355          3.846015245           3.77958704                    0                    0                    0                    0         -2.809152401         0.7928714835                    0                    0                    0                    0                    0                    0                    0                    0                    0                    0                    0                    0                    0                    0                    0                    0
  "BR3.BPM16L3"                          15            "monitor"           152.730339          5.557222146           1.74416419          11.26268693         -4.287540266          4.110595814          4.037609607                    0                    0                    0                    0         -2.809148473         0.7928715958                    0                    0                    0                    0                    0                    0                    0                    0                    0                    0                    0                    0                    0                    0                    0                    0
