@ NAME                 %s               "PSB3"
@ TYPE                 %s              "twiss"
@ TITLE                %n                  nil
@ ORIGIN               %s "MAD 1.1.14 Linux 64"
@ DATE                 %s           "31/08/26"
@ TIME                 %s           "02:50:19"
@ REFCOL               %s               "name"
@ DIRECTION            %le                    1
@ OBSERVE              %le                    1
@ ENERGY               %le          1.098272088
@ DELTAP               %le                    0
@ LENGTH               %le               157.08
@ ALFAP                %le        0.06286896395
@ Q1                   %le          4.229799971
@ Q2                   %le          4.131899964
@ Q3                   %le                    0
@ DQ1                  %le         -6.498314389
@ DQ2                  %le         -12.86318614
@ DQ3                  %le                    0
* NAME                                INDEX                 KIND                    S                 BETX                 ALFX                 BETY                 ALFY                  MUX                  MUY                    X                   PX                    Y                   PY                   DX                  DPX                   DY                  DPY                  R11                  R12                  R21                  R22                  K1L                  K2L                  K3L                  K4L                  K5L                 K1SL                 K2SL                 K3SL                 K4SL                 K5SL
$ %s                                     %d                   %s                  %le                  %le                  %le                  %le                  %le                  %le                  %le                  %le                  %le                  %le                  %le                  %le                  %le                  %le                  %le                  %le                  %le                  %le                  %le                  %le                  %le                  %le                  %le                  %le                  %le                  %le                  %le                  %le                  %le
  "BR3.BPM1L3"                            0            "monitor"             5.467797          5.460546548          1.727017433          11.47697772         -4.393354337         0.1419708874         0.1688707444                    0                    0                    0                    0          -2.78033456         0.7682092382                    0                    0                    0                    0                    0                    0                    0                    0                    0                    0                    0                    0                    0                    0                    0                    0
  "BR3.BPM2L3"                            1            "monitor"            15.285302          5.668609995           1.76933925          11.03185431         -4.177545136         0.4083817614         0.4232052023                    0                    0                    0                    0         -2.898195226         0.8170688912                    0                    0                    0                    0                    0                    0                    0                    0                    0                    0                    0                    0                    0                    0                    0                    0
  "BR3.BPM3L3"                            2            "monitor"            25.102807          5.681009956          1.781557022          11.03212096          -4.22201091          0.668819528         0.6883351174                    0                    0                    0                    0         -2.900537733         0.8210067109                    0                    0                    0                    0                    0                    0                    0                    0                    0                    0                    0                    0                    0                    0                    0                    0
  "BR3.BPM4L3"                            3            "monitor"            34.920312          5.436927123          1.703811153          11.47686393         -4.344929438         0.9334944536         0.9426667371                    0                    0                    0                    0         -2.803798058         0.8076063472                    0                    0                    0                    0                    0                    0                    0                    0                    0                    0                    0                    0                    0                    0                    0                    0
  "BR3.BPM5L3"                            4            "monitor"            44.737806          5.675772507          1.787895545          11.08694436         -4.246621549           1.19735186          1.204675505                    0                    0                    0                    0         -2.718793021         0.7620402829                    0                    0                    0                    0                    0                    0                    0                    0                    0                    0                    0                    0                    0                    0                    0                    0
  "BR3.BPM6L3"                            5            "monitor"            54.555311          5.450166689          1.700288839          11.41806426         -4.319317154            1.4632719           1.45845159                    0                    0                    0                    0         -2.831078593         0.7837776579                    0                    0                    0                    0                    0                    0                    0                    0                    0                    0                    0                    0                    0                    0                    0                    0
  "BR3.BPM7L3"                            6            "monitor"            64.372816          5.654948608          1.788478493          11.14918261         -4.272987422          1.725950806          1.720929794                    0                    0                    0                    0         -2.895538838         0.8253664384                    0                    0                    0                    0                    0                    0                    0                    0                    0                    0                    0                    0                    0                    0                    0                    0
  "BR3.BPM8L3"                            7            "monitor"            74.190321          5.477776827          1.702643802          11.35326594         -4.292514959          1.992937036          1.974322626                    0                    0                    0                    0         -2.771451031         0.7960197663                    0                    0                    0                    0                    0                    0                    0                    0                    0                    0                    0                    0                    0                    0                    0                    0
  "BR3.BPM9L3"                            8            "monitor"            84.007826          5.621338189          1.783235608          11.21622486         -4.300022318          2.254689223          2.237089934                    0                    0                    0                    0         -2.729686375         0.7598004508                    0                    0                    0                    0                    0                    0                    0                    0                    0                    0                    0                    0                    0                    0                    0                    0
  "BR3.BPM10L3"                           9            "monitor"             93.82532          5.516161532          1.710578054          11.28490895         -4.265571898          2.522421708          2.490287235                    0                    0                    0                    0         -2.861415652         0.7957741247                    0                    0                    0                    0                    0                    0                    0                    0                    0                    0                    0                    0                    0                    0                    0                    0
  "BR3.BPM11L3"                          10            "monitor"           103.642825          5.579438858          1.772870321          11.28526289         -4.326612233          2.783623214          2.753151912                    0                    0                    0                    0          -2.87907091         0.8254113796                    0                    0                    0                    0                    0                    0                    0                    0                    0                    0                    0                    0                    0                    0                    0                    0
  "BR3.BPM12L3"                          11            "monitor"            113.46033          5.560148992          1.723022427          11.21595054         -4.239616977           3.05168488          3.006349816                    0                    0                    0                    0         -2.744111648         0.7840151415                    0                    0                    0                    0                    0                    0                    0                    0                    0                    0                    0                    0                    0                    0                    0                    0
  "BR3.BPM13L3"                          12            "monitor"           123.277835            5.5347367          1.758742793          11.35368919          -4.35171823          3.312785469          3.269116241                    0                    0                    0                    0         -2.751140963         0.7619520228                    0                    0                    0                    0                    0                    0                    0                    0                    0                    0                    0                    0                    0                    0                    0                    0
  "BR3.BPM14L3"                          13            "monitor"           133.095339          5.603934409          1.738332015          11.14908516         -4.215681926          3.580715177          3.522510379                    0                    0                    0                    0         -2.884805813         0.8073850801                    0                    0                    0                    0                    0                    0                    0                    0                    0                    0                    0                    0                    0                    0                    0                    0
  "BR3.BPM15L3"                          14            "monitor"           142.912834          5.493240619          1.742744307          11.41854388         -4.374285223          3.842177851          3.784986715                    0                    0                    0                    0         -2.853319802         0.8211354556                    0                    0                    0                    0                    0                    0                    0                    0                    0                    0                    0                    0                    0                    0                    0                    0
  "BR3.BPM16L3"                          15            "monitor"           152.730339          5.641727583          1.754478803          11.08695843          -4.19472385          4.109532144          4.038764934                    0                    0                    0                    0         -2.725409296         0.7731864675                    0                    0                    0                    0                    0                    0                    0                    0                    0                    0                    0                    0                    0                    0                    0                    0
