@ NAME                 %s               "PSB3"
@ TYPE                 %s              "twiss"
@ TITLE                %n                  nil
@ ORIGIN               %s "MAD 1.1.15 Linux 64"
@ DATE                 %s           "14/09/26"
@ TIME                 %s           "10:17:09"
@ REFCOL               %s               "name"
@ DIRECTION            %le                    1
@ OBSERVE              %le                    1
@ ENERGY               %le          1.098272088
@ DELTAP               %le                    0
@ LENGTH               %le               157.08
@ ALFAP                %le        0.06516290044
@ Q1                   %le          4.172847422
@ Q2                   %le           4.22923067
@ Q3                   %le                    0
@ DQ1                  %le         -6.455115507
@ DQ2                  %le         -12.99700308
@ DQ3                  %le                    0
* NAME                                INDEX                 KIND                    S                 BETX                 ALFX                 BETY                 ALFY                  MUX                  MUY                    X                   PX                    Y                   PY                   DX                  DPX                   DY                  DPY                  R11                  R12                  R21                  R22                  K1L                  K2L                  K3L                  K4L                  K5L                 K1SL                 K2SL                 K3SL                 K4SL                 K5SL
$ %s                                     %d                   %s                  %le                  %le                  %le                  %le                  %le                  %le                  %le                  %le                  %le                  %le                  %le                  %le                  %le                  %le                  %le                  %le                  %le                  %le                  %le                  %le                  %le                  %le                  %le                  %le                  %le                  %le                  %le                  %le                  %le
  "BR3.BPM1L3"                            0            "monitor"             5.467797          5.606446432          1.762403479          11.22018202         -4.292849357         0.1394684477         0.1721607534                    0                    0                    0                    0         -2.883949864         0.8169746842                    0                    0                    0                    0                    0                    0                    0                    0                    0                    0                    0                    0                    0                    0                    0                    0
  "BR3.BPM2L3"                            1            "monitor"            15.285302          5.606428808          1.762399817          11.22022568         -4.292858237         0.4002715535         0.4364877367                    0                    0                    0                    0         -2.883945616         0.8169745261                    0                    0                    0                    0                    0                    0                    0                    0                    0                    0                    0                    0                    0                    0                    0                    0
  "BR3.BPM3L3"                            2            "monitor"            25.102807          5.606411184          1.762396155          11.22026815         -4.292866766         0.6610746593          0.700814729                    0                    0                    0                    0         -2.883941988         0.8169746278                    0                    0                    0                    0                    0                    0                    0                    0                    0                    0                    0                    0                    0                    0                    0                    0
  "BR3.BPM4L3"                            3            "monitor"            34.920312           5.60639356          1.762392493          11.22031129         -4.292875474         0.9218777651         0.9651417143                    0                    0                    0                    0         -2.883938258         0.8169748438                    0                    0                    0                    0                    0                    0                    0                    0                    0                    0                    0                    0                    0                    0                    0                    0
  "BR3.BPM5L3"                            4            "monitor"            44.737806          5.606414709          1.762396888          11.22025963         -4.292865063          1.182680559          1.229468549                    0                    0                    0                    0         -2.883942551         0.8169747085                    0                    0                    0                    0                    0                    0                    0                    0                    0                    0                    0                    0                    0                    0                    0                    0
  "BR3.BPM6L3"                            5            "monitor"            54.555311          5.606397085          1.762393226          11.22030277         -4.292873746          1.443483665          1.493795533                    0                    0                    0                    0         -2.883938044         0.8169744434                    0                    0                    0                    0                    0                    0                    0                    0                    0                    0                    0                    0                    0                    0                    0                    0
  "BR3.BPM7L3"                            6            "monitor"            64.372816          5.606379461          1.762389564          11.22034547         -4.292882355           1.70428677          1.758122524                    0                    0                    0                    0         -2.883934578         0.8169745514                    0                    0                    0                    0                    0                    0                    0                    0                    0                    0                    0                    0                    0                    0                    0                    0
  "BR3.BPM8L3"                            7            "monitor"            74.190321          5.606361837          1.762385902          11.22038841         -4.292890994          1.965089876          2.022449509                    0                    0                    0                    0         -2.883931085         0.8169748736                    0                    0                    0                    0                    0                    0                    0                    0                    0                    0                    0                    0                    0                    0                    0                    0
  "BR3.BPM9L3"                            8            "monitor"            84.007826          5.606344213           1.76238224          11.22043137         -4.292899686          2.225892982          2.286776498                    0                    0                    0                    0         -2.883926198         0.8169747176                    0                    0                    0                    0                    0                    0                    0                    0                    0                    0                    0                    0                    0                    0                    0                    0
  "BR3.BPM10L3"                           9            "monitor"             93.82532          5.606365362          1.762386634          11.22037992         -4.292889321          2.486695776           2.55110333                    0                    0                    0                    0         -2.883930767          0.816974484                    0                    0                    0                    0                    0                    0                    0                    0                    0                    0                    0                    0                    0                    0                    0                    0
  "BR3.BPM11L3"                          10            "monitor"           103.642825          5.606347738          1.762382972          11.22042265         -4.292897881          2.747498881          2.815430315                    0                    0                    0                    0         -2.883927276            0.8169746                    0                    0                    0                    0                    0                    0                    0                    0                    0                    0                    0                    0                    0                    0                    0                    0
  "BR3.BPM12L3"                          11            "monitor"            113.46033          5.606330114           1.76237931          11.22046595         -4.292906722          3.008301987          3.079757306                    0                    0                    0                    0         -2.883923696         0.8169748896                    0                    0                    0                    0                    0                    0                    0                    0                    0                    0                    0                    0                    0                    0                    0                    0
  "BR3.BPM13L3"                          12            "monitor"           123.277835           5.60631249          1.762375649          11.22050843         -4.292915174          3.269105093          3.344084291                    0                    0                    0                    0         -2.883918846         0.8169747301                    0                    0                    0                    0                    0                    0                    0                    0                    0                    0                    0                    0                    0                    0                    0                    0
  "BR3.BPM14L3"                          13            "monitor"           133.095339          5.606298391          1.762372719          11.22054328         -4.292922323           3.52990817          3.608411267                    0                    0                    0                    0         -2.883915177         0.8169744622                    0                    0                    0                    0                    0                    0                    0                    0                    0                    0                    0                    0                    0                    0                    0                    0
  "BR3.BPM15L3"                          14            "monitor"           142.912834          5.606316015          1.762376381           11.2204998         -4.292913434          3.790710992          3.872738111                    0                    0                    0                    0         -2.883920082          0.816974658                    0                    0                    0                    0                    0                    0                    0                    0                    0                    0                    0                    0                    0                    0                    0                    0
  "BR3.BPM16L3"                          15            "monitor"           152.730339          5.606298391          1.762372719          11.22054346         -4.292922357          4.051514098          4.137065099                    0                    0                    0                    0         -2.883916137         0.8169748319                    0                    0                    0                    0                    0                    0                    0                    0                    0                    0                    0                    0                    0                    0                    0                    0
