@ NAME                 %s               "PSB3"
@ TYPE                 %s              "twiss"
@ TITLE                %n                  nil
@ ORIGIN               %s "MAD 1.1.15 Linux 64"
@ DATE                 %s           "11/09/26"
@ TIME                 %s           "23:04:18"
@ REFCOL               %s               "name"
@ DIRECTION            %le                    1
@ OBSERVE              %le                    1
@ ENERGY               %le          1.098272088
@ DELTAP               %le                    0
@ LENGTH               %le               157.08
@ ALFAP                %le        0.06474364774
@ Q1                   %le               4.1693
@ Q2                   %le          4.232700001
@ Q3                   %le                    0
@ DQ1                  %le         -6.456362218
@ DQ2                  %le         -12.98819593
@ DQ3                  %le                    0
* NAME                                INDEX                 KIND                    S                 BETX                 ALFX                 BETY                 ALFY                  MUX                  MUY                    X                   PX                    Y                   PY                   DX                  DPX                   DY                  DPY                  R11                  R12                  R21                  R22                  K1L                  K2L                  K3L                  K4L                  K5L                 K1SL                 K2SL                 K3SL                 K4SL                 K5SL
$ %s                                     %d                   %s                  %le                  %le                  %le                  %le                  %le                  %le                  %le                  %le                  %le                  %le                  %le                  %le                  %le                  %le                  %le                  %le                  %le                  %le                  %le                  %le                  %le                  %le                  %le                  %le                  %le                  %le                  %le                  %le                  %le
  "BR3.BPM1L3"                            0            "monitor"             5.467797          5.525543496          1.757581681          11.45018002         -4.389318038         0.1386645798         0.1718586638                    0                    0                    0                    0         -2.827007868         0.7793154826                    0                    0                    0                    0                    0                    0                    0                    0                    0                    0                    0                    0                    0                    0                    0                    0
  "BR3.BPM2L3"                            1            "monitor"            15.285302          5.705809962          1.775216416          10.98228926         -4.197116864         0.4025728909           0.43513979                    0                    0                    0                    0         -2.998331992         0.8441393137                    0                    0                    0                    0                    0                    0                    0                    0                    0                    0                    0                    0                    0                    0                    0                    0
  "BR3.BPM3L3"                            2            "monitor"            25.102807          5.744315957          1.813029847          10.98281322         -4.206915374         0.6578028399         0.7037086837                    0                    0                    0                    0         -3.007178587         0.8589406264                    0                    0                    0                    0                    0                    0                    0                    0                    0                    0                    0                    0                    0                    0                    0                    0
  "BR3.BPM4L3"                            3            "monitor"            34.920312          5.478868328          1.711803043          11.44945199           -4.3718921         0.9200237288         0.9669601115                    0                    0                    0                    0         -2.857534393         0.8303866529                    0                    0                    0                    0                    0                    0                    0                    0                    0                    0                    0                    0                    0                    0                    0                    0
  "BR3.BPM5L3"                            4            "monitor"            44.737806          5.728383651          1.814264885          11.01757262         -4.227443269          1.178916428           1.23294226                    0                    0                    0                    0          -2.76428758         0.7731894003                    0                    0                    0                    0                    0                    0                    0                    0                    0                    0                    0                    0                    0                    0                    0                    0
  "BR3.BPM6L3"                            5            "monitor"            54.555311          5.499398599          1.712454789          11.40071609         -4.346691611          1.442094174          1.495094951                    0                    0                    0                    0         -2.926573043         0.8095021039                    0                    0                    0                    0                    0                    0                    0                    0                    0                    0                    0                    0                    0                    0                    0                    0
  "BR3.BPM7L3"                            6            "monitor"            64.372816          5.703607352          1.811733031          11.07876879         -4.256513717          1.700105923          1.762047784                    0                    0                    0                    0         -2.997805676         0.8617734812                    0                    0                    0                    0                    0                    0                    0                    0                    0                    0                    0                    0                    0                    0                    0                    0
  "BR3.BPM8L3"                            7            "monitor"            74.190321          5.527862256          1.716798878          11.32928218         -4.314740211          1.964066221          2.023380446                    0                    0                    0                    0         -2.825849447          0.818370246                    0                    0                    0                    0                    0                    0                    0                    0                    0                    0                    0                    0                    0                    0                    0                    0
  "BR3.BPM9L3"                            8            "monitor"            84.007826          5.671839742          1.805627479          11.15847163         -4.290381787          2.221401274          2.290967126                    0                    0                    0                    0         -2.777934313         0.7719865058                    0                    0                    0                    0                    0                    0                    0                    0                    0                    0                    0                    0                    0                    0                    0                    0
  "BR3.BPM10L3"                           9            "monitor"             93.82532          5.562246785          1.724532228          11.24413338         -4.280100126          2.485912616          2.551864267                    0                    0                    0                    0         -2.956390221         0.8216817549                    0                    0                    0                    0                    0                    0                    0                    0                    0                    0                    0                    0                    0                    0                    0                    0
  "BR3.BPM11L3"                          10            "monitor"           103.642825          5.635445345          1.796403293          11.24637428         -4.324686417          2.742825433          2.819667723                    0                    0                    0                    0         -2.980090097         0.8613242713                    0                    0                    0                    0                    0                    0                    0                    0                    0                    0                    0                    0                    0                    0                    0                    0
  "BR3.BPM12L3"                          11            "monitor"            113.46033          5.599957432          1.735072568          11.15637851          -4.24725191          3.007617295          3.080570626                    0                    0                    0                    0         -2.798419849         0.8062515934                    0                    0                    0                    0                    0                    0                    0                    0                    0                    0                    0                    0                    0                    0                    0                    0
  "BR3.BPM13L3"                          12            "monitor"           123.277835          5.597011718          1.784719848          11.33139103         -4.355066011          3.264393456           3.34814636                    0                    0                    0                    0         -2.799355044          0.774079672                    0                    0                    0                    0                    0                    0                    0                    0                    0                    0                    0                    0                    0                    0                    0                    0
  "BR3.BPM14L3"                          13            "monitor"           133.095339          5.638269915          1.747655674          11.07718057         -4.220390083          3.529174085          3.609495097                    0                    0                    0                    0          -2.98088997         0.8335164656                    0                    0                    0                    0                    0                    0                    0                    0                    0                    0                    0                    0                    0                    0                    0                    0
  "BR3.BPM15L3"                          14            "monitor"           142.912834           5.55943089          1.771449069          11.40243775         -4.377587643           3.78610897          3.876427287                    0                    0                    0                    0         -2.955329301         0.8576257961                    0                    0                    0                    0                    0                    0                    0                    0                    0                    0                    0                    0                    0                    0                    0                    0
  "BR3.BPM16L3"                          15            "monitor"           152.730339          5.674403147          1.761364934          11.01664072         -4.202948543          4.050587821          4.138604463                    0                    0                    0                    0         -2.777254723         0.7949185085                    0                    0                    0                    0                    0                    0                    0                    0                    0                    0                    0                    0                    0                    0                    0                    0
