@ NAME                 %s               "PSB3"
@ TYPE                 %s              "twiss"
@ TITLE                %n                  nil
@ ORIGIN               %s "MAD 1.1.15 Linux 64"
@ DATE                 %s           "14/09/26"
@ TIME                 %s           "11:34:38"
@ REFCOL               %s               "name"
@ DIRECTION            %le                    1
@ OBSERVE              %le                    1
@ ENERGY               %le          1.098272088
@ DELTAP               %le                    0
@ LENGTH               %le               157.08
@ ALFAP                %le        0.06299686149
@ Q1                   %le               4.2258
@ Q2                   %le          4.123500001
@ Q3                   %le                    0
@ DQ1                  %le         -6.489919276
@ DQ2                  %le         -12.76860893
@ DQ3                  %le                    0
* NAME                                INDEX                 KIND                    S                 BETX                 ALFX                 BETY                 ALFY                  MUX                  MUY                    X                   PX                    Y                   PY                   DX                  DPX                   DY                  DPY                  R11                  R12                  R21                  R22                  K1L                  K2L                  K3L                  K4L                  K5L                 K1SL                 K2SL                 K3SL                 K4SL                 K5SL
$ %s                                     %d                   %s                  %le                  %le                  %le                  %le                  %le                  %le                  %le                  %le                  %le                  %le                  %le                  %le                  %le                  %le                  %le                  %le                  %le                  %le                  %le                  %le                  %le                  %le                  %le                  %le                  %le                  %le                  %le                  %le                  %le
  "BR3.BPM1L3"                            0            "monitor"             5.467797          5.464783285          1.726934562          11.47376087         -4.387581322         0.1417872962         0.1687015171                    0                    0                    0                    0         -2.783348099         0.7676844634                    0                    0                    0                    0                    0                    0                    0                    0                    0                    0                    0                    0                    0                    0                    0                    0
  "BR3.BPM2L3"                            1            "monitor"            15.285302          5.674440773          1.768398781          11.03148276         -4.168799496         0.4080536017         0.4221679961                    0                    0                    0                    0         -2.905831201         0.8180971281                    0                    0                    0                    0                    0                    0                    0                    0                    0                    0                    0                    0                    0                    0                    0                    0
  "BR3.BPM3L3"                            2            "monitor"            25.102807          5.688561339          1.782308099          11.03154213         -4.217622564         0.6680948187         0.6871249369                    0                    0                    0                    0         -2.908535255         0.8226418812                    0                    0                    0                    0                    0                    0                    0                    0                    0                    0                    0                    0                    0                    0                    0                    0
  "BR3.BPM4L3"                            3            "monitor"            34.920312           5.43948649          1.702080745          11.47387294         -4.335088644         0.9326036887         0.9405912112                    0                    0                    0                    0         -2.807529792         0.8082883468                    0                    0                    0                    0                    0                    0                    0                    0                    0                    0                    0                    0                    0                    0                    0                    0
  "BR3.BPM5L3"                            4            "monitor"            44.737806          5.682394033          1.788361802          11.08716479         -4.242237527          1.196134271          1.202393891                    0                    0                    0                    0         -2.720737823          0.761437131                    0                    0                    0                    0                    0                    0                    0                    0                    0                    0                    0                    0                    0                    0                    0                    0
  "BR3.BPM6L3"                            5            "monitor"            54.555311          5.453520249          1.698820294          11.41480311         -4.309646663          1.461887113          1.455345077                    0                    0                    0                    0         -2.837348594          0.784218407                    0                    0                    0                    0                    0                    0                    0                    0                    0                    0                    0                    0                    0                    0                    0                    0
  "BR3.BPM7L3"                            6            "monitor"            64.372816          5.660922486          1.788718261          11.14921716         -4.268292847          1.724243037          1.717582014                    0                    0                    0                    0         -2.903163835         0.8269715587                    0                    0                    0                    0                    0                    0                    0                    0                    0                    0                    0                    0                    0                    0                    0                    0
  "BR3.BPM8L3"                            7            "monitor"            74.190321          5.481633791          1.701358406           11.3505649         -4.283258556          1.991056696          1.970179304                    0                    0                    0                    0         -2.774705791         0.7964997226                    0                    0                    0                    0                    0                    0                    0                    0                    0                    0                    0                    0                    0                    0                    0                    0
  "BR3.BPM9L3"                            8            "monitor"            84.007826          5.626938321           1.78333889          11.21541275         -4.294848021          2.252491262          2.232682901                    0                    0                    0                    0         -2.731989817           0.75922798                    0                    0                    0                    0                    0                    0                    0                    0                    0                    0                    0                    0                    0                    0                    0                    0
  "BR3.BPM10L3"                           9            "monitor"             93.82532           5.52028806          1.709383945          11.28324725         -4.256821769           2.52004695          2.485099909                    0                    0                    0                    0         -2.868131729         0.7964044943                    0                    0                    0                    0                    0                    0                    0                    0                    0                    0                    0                    0                    0                    0                    0                    0
  "BR3.BPM11L3"                          10            "monitor"           103.642825          5.584839397          1.772921599          11.28331568          -4.32094417          2.780932919          2.747693411                    0                    0                    0                    0         -2.886350552         0.8269886857                    0                    0                    0                    0                    0                    0                    0                    0                    0                    0                    0                    0                    0                    0                    0                    0
  "BR3.BPM12L3"                          11            "monitor"            113.46033          5.564445572          1.721850959          11.21542085         -4.231309533          3.048818509          3.000110613                    0                    0                    0                    0          -2.74693171         0.7843106192                    0                    0                    0                    0                    0                    0                    0                    0                    0                    0                    0                    0                    0                    0                    0                    0
  "BR3.BPM13L3"                          12            "monitor"           123.277835          5.539953041          1.758787629          11.35071131         -4.345695674          3.309599653          3.262614136                    0                    0                    0                    0           -2.7537837          0.761403549                    0                    0                    0                    0                    0                    0                    0                    0                    0                    0                    0                    0                    0                    0                    0                    0
  "BR3.BPM14L3"                          13            "monitor"           133.095339          5.608473372           1.73716641          11.14938738         -4.207605228          3.577360298          3.515211522                    0                    0                    0                    0         -2.891961689         0.8082022434                    0                    0                    0                    0                    0                    0                    0                    0                    0                    0                    0                    0                    0                    0                    0                    0
  "BR3.BPM15L3"                          14            "monitor"           142.912834          5.498115272          1.742766948           11.4150258         -4.368188321          3.838493686          3.777448177                    0                    0                    0                    0         -2.860253167         0.8226909519                    0                    0                    0                    0                    0                    0                    0                    0                    0                    0                    0                    0                    0                    0                    0                    0
  "BR3.BPM16L3"                          15            "monitor"           152.730339          5.646742916          1.753368913          11.08742094         -4.186535413          4.105690759          4.030399534                    0                    0                    0                    0         -2.727772482          0.773285895                    0                    0                    0                    0                    0                    0                    0                    0                    0                    0                    0                    0                    0                    0                    0                    0
