@ NAME                 %s               "PSB3"
@ TYPE                 %s              "twiss"
@ TITLE                %n                  nil
@ ORIGIN               %s "MAD 1.1.15 Linux 64"
@ DATE                 %s           "14/09/26"
@ TIME                 %s           "11:34:38"
@ REFCOL               %s               "name"
@ DIRECTION            %le                    1
@ OBSERVE              %le                    1
@ ENERGY               %le          1.098272088
@ DELTAP               %le                    0
@ LENGTH               %le               157.08
@ ALFAP                %le        0.06333430634
@ Q1                   %le          4.229346043
@ Q2                   %le          4.119964606
@ Q3                   %le                    0
@ DQ1                  %le          -6.48906078
@ DQ2                  %le         -12.77366706
@ DQ3                  %le                    0
* NAME                                INDEX                 KIND                    S                 BETX                 ALFX                 BETY                 ALFY                  MUX                  MUY                    X                   PX                    Y                   PY                   DX                  DPX                   DY                  DPY                  R11                  R12                  R21                  R22                  K1L                  K2L                  K3L                  K4L                  K5L                 K1SL                 K2SL                 K3SL                 K4SL                 K5SL
$ %s                                     %d                   %s                  %le                  %le                  %le                  %le                  %le                  %le                  %le                  %le                  %le                  %le                  %le                  %le                  %le                  %le                  %le                  %le                  %le                  %le                  %le                  %le                  %le                  %le                  %le                  %le                  %le                  %le                  %le                  %le                  %le
  "BR3.BPM1L3"                            0            "monitor"             5.467797          5.562119141           1.74361467           11.2602515         -4.280168376          0.141756315         0.1668560099                    0                    0                    0                    0         -2.814057845         0.7933803571                    0                    0                    0                    0                    0                    0                    0                    0                    0                    0                    0                    0                    0                    0                    0                    0
  "BR3.BPM2L3"                            1            "monitor"            15.285302          5.562101705          1.743611038          11.26029526         -4.280177257         0.4060905857         0.4243538635                    0                    0                    0                    0         -2.814053811          0.793380259                    0                    0                    0                    0                    0                    0                    0                    0                    0                    0                    0                    0                    0                    0                    0                    0
  "BR3.BPM3L3"                            2            "monitor"            25.102807          5.562084269          1.743607406          11.26033732         -4.280185603         0.6704248565         0.6818517267                    0                    0                    0                    0         -2.814050127         0.7933803218                    0                    0                    0                    0                    0                    0                    0                    0                    0                    0                    0                    0                    0                    0                    0                    0
  "BR3.BPM4L3"                            3            "monitor"            34.920312          5.562066833          1.743603774          11.26038066         -4.280194352         0.9347591272         0.9393495826                    0                    0                    0                    0         -2.814046428         0.7933804796                    0                    0                    0                    0                    0                    0                    0                    0                    0                    0                    0                    0                    0                    0                    0                    0
  "BR3.BPM5L3"                            4            "monitor"            44.737806          5.562087756          1.743608133           11.2603288         -4.280183906          1.199093083          1.196847289                    0                    0                    0                    0         -2.814050755         0.7933803853                    0                    0                    0                    0                    0                    0                    0                    0                    0                    0                    0                    0                    0                    0                    0                    0
  "BR3.BPM6L3"                            5            "monitor"            54.555311           5.56207032          1.743604501           11.2603722         -4.280192651          1.463427354          1.454345143                    0                    0                    0                    0         -2.814046448         0.7933801766                    0                    0                    0                    0                    0                    0                    0                    0                    0                    0                    0                    0                    0                    0                    0                    0
  "BR3.BPM7L3"                            6            "monitor"            64.372816          5.562052884          1.743600869          11.26041435         -4.280201028          1.727761625          1.711843005                    0                    0                    0                    0         -2.814042927         0.7933802438                    0                    0                    0                    0                    0                    0                    0                    0                    0                    0                    0                    0                    0                    0                    0                    0
  "BR3.BPM8L3"                            7            "monitor"            74.190321          5.562035448          1.743597237          11.26045761         -4.280209748          1.992095895          1.969340861                    0                    0                    0                    0         -2.814039472         0.7933805113                    0                    0                    0                    0                    0                    0                    0                    0                    0                    0                    0                    0                    0                    0                    0                    0
  "BR3.BPM9L3"                            8            "monitor"            84.007826          5.562018012          1.743593605          11.26049999         -4.280218202          2.256430166          2.226838721                    0                    0                    0                    0         -2.814034865         0.7933803929                    0                    0                    0                    0                    0                    0                    0                    0                    0                    0                    0                    0                    0                    0                    0                    0
  "BR3.BPM10L3"                           9            "monitor"             93.82532          5.562038936          1.743597963          11.26044913         -4.280208082          2.520764122          2.484336423                    0                    0                    0                    0         -2.814039379         0.7933802145                    0                    0                    0                    0                    0                    0                    0                    0                    0                    0                    0                    0                    0                    0                    0                    0
  "BR3.BPM11L3"                          10            "monitor"           103.642825            5.5620215          1.743594331          11.26049133          -4.28021643          2.785098393          2.741834281                    0                    0                    0                    0         -2.814035844         0.7933802941                    0                    0                    0                    0                    0                    0                    0                    0                    0                    0                    0                    0                    0                    0                    0                    0
  "BR3.BPM12L3"                          11            "monitor"            113.46033          5.562004064          1.743590699          11.26053485         -4.280225302          3.049432664          2.999332141                    0                    0                    0                    0         -2.814032298         0.7933805291                    0                    0                    0                    0                    0                    0                    0                    0                    0                    0                    0                    0                    0                    0                    0                    0
  "BR3.BPM13L3"                          12            "monitor"           123.277835          5.561986628          1.743587068          11.26057692         -4.280233586          3.313766934          3.256829998                    0                    0                    0                    0         -2.814027722         0.7933804041                    0                    0                    0                    0                    0                    0                    0                    0                    0                    0                    0                    0                    0                    0                    0                    0
  "BR3.BPM14L3"                          13            "monitor"           133.095339          5.561972679          1.743584162          11.26061191         -4.280240742          3.578101177          3.514327843                    0                    0                    0                    0         -2.814024237         0.7933801916                    0                    0                    0                    0                    0                    0                    0                    0                    0                    0                    0                    0                    0                    0                    0                    0
  "BR3.BPM15L3"                          14            "monitor"           142.912834          5.561990115          1.743587794          11.26056835         -4.280231875          3.842435161           3.77182556                    0                    0                    0                    0         -2.814028869         0.7933803548                    0                    0                    0                    0                    0                    0                    0                    0                    0                    0                    0                    0                    0                    0                    0                    0
  "BR3.BPM16L3"                          15            "monitor"           152.730339          5.561972679          1.743584162          11.26061205         -4.280240771          4.106769432          4.029323418                    0                    0                    0                    0         -2.814024944         0.7933804701                    0                    0                    0                    0                    0                    0                    0                    0                    0                    0                    0                    0                    0                    0                    0                    0
