@ NAME                 %s               "PSB3"
@ TYPE                 %s              "twiss"
@ TITLE                %n                  nil
@ ORIGIN               %s "MAD 1.1.14 Linux 64"
@ DATE                 %s           "31/08/26"
@ TIME                 %s           "04:07:21"
@ REFCOL               %s               "name"
@ DIRECTION            %le                    1
@ OBSERVE              %le                    1
@ ENERGY               %le          1.098272088
@ DELTAP               %le                    0
@ LENGTH               %le               157.08
@ ALFAP                %le        0.06474321469
@ Q1                   %le          4.169799972
@ Q2                   %le          4.232499962
@ Q3                   %le                    0
@ DQ1                  %le         -6.456676463
@ DQ2                  %le         -13.04388813
@ DQ3                  %le                    0
* NAME                                INDEX                 KIND                    S                 BETX                 ALFX                 BETY                 ALFY                  MUX                  MUY                    X                   PX                    Y                   PY                   DX                  DPX                   DY                  DPY                  R11                  R12                  R21                  R22                  K1L                  K2L                  K3L                  K4L                  K5L                 K1SL                 K2SL                 K3SL                 K4SL                 K5SL
$ %s                                     %d                   %s                  %le                  %le                  %le                  %le                  %le                  %le                  %le                  %le                  %le                  %le                  %le                  %le                  %le                  %le                  %le                  %le                  %le                  %le                  %le                  %le                  %le                  %le                  %le                  %le                  %le                  %le                  %le                  %le                  %le
  "BR3.BPM1L3"                            0            "monitor"             5.467797          5.526944578           1.75749335          11.45396938         -4.390945058         0.1387073252         0.1718438692                    0                    0                    0                    0           -2.8281306         0.7802065639                    0                    0                    0                    0                    0                    0                    0                    0                    0                    0                    0                    0                    0                    0                    0                    0
  "BR3.BPM2L3"                            1            "monitor"            15.285302          5.703100674          1.774900172          10.97827408         -4.195470783         0.4025570444         0.4350860748                    0                    0                    0                    0          -2.99477748         0.8433002952                    0                    0                    0                    0                    0                    0                    0                    0                    0                    0                    0                    0                    0                    0                    0                    0
  "BR3.BPM3L3"                            2            "monitor"            25.102807          5.740478137          1.811606379          10.97880817         -4.205504245         0.6579565233         0.7037163461                    0                    0                    0                    0         -3.003348583         0.8576411368                    0                    0                    0                    0                    0                    0                    0                    0                    0                    0                    0                    0                    0                    0                    0                    0
  "BR3.BPM4L3"                            3            "monitor"            34.920312          5.481572047          1.712992726          11.45322652         -4.373165628         0.9201588512         0.9669284465                    0                    0                    0                    0         -2.857845978         0.8299221125                    0                    0                    0                    0                    0                    0                    0                    0                    0                    0                    0                    0                    0                    0                    0                    0
  "BR3.BPM5L3"                            4            "monitor"            44.737806          5.724987617          1.812842027          11.01423148         -4.226397693          1.179132814          1.232926579                    0                    0                    0                    0         -2.766958155         0.7742302629                    0                    0                    0                    0                    0                    0                    0                    0                    0                    0                    0                    0                    0                    0                    0                    0
  "BR3.BPM6L3"                            5            "monitor"            54.555311          5.501569803          1.713604612          11.40362864         -4.347535297          1.442270945          1.495023045                    0                    0                    0                    0         -2.924811606         0.8095219301                    0                    0                    0                    0                    0                    0                    0                    0                    0                    0                    0                    0                    0                    0                    0                    0
  "BR3.BPM7L3"                            6            "monitor"            64.372816          5.700826561          1.810388607          11.07646343         -4.255950238          1.700383307          1.762006561                    0                    0                    0                    0         -2.994235101          0.860414925                    0                    0                    0                    0                    0                    0                    0                    0                    0                    0                    0                    0                    0                    0                    0                    0
  "BR3.BPM8L3"                            7            "monitor"            74.190321          5.529344713          1.717832925          11.33101407         -4.315062976          1.964286947          2.023270603                    0                    0                    0                    0         -2.826933693         0.8182031444                    0                    0                    0                    0                    0                    0                    0                    0                    0                    0                    0                    0                    0                    0                    0                    0
  "BR3.BPM9L3"                            8            "monitor"            84.007826          5.669810994          1.804434418          11.15745893         -4.290363578          2.221737438          2.290897424                    0                    0                    0                    0         -2.780250695         0.7730499005                    0                    0                    0                    0                    0                    0                    0                    0                    0                    0                    0                    0                    0                    0                    0                    0
  "BR3.BPM10L3"                           9            "monitor"             93.82532          5.562925034           1.72538159           11.2444965         -4.279868397          2.486180047          2.551719423                    0                    0                    0                    0         -2.953899842         0.8214014699                    0                    0                    0                    0                    0                    0                    0                    0                    0                    0                    0                    0                    0                    0                    0                    0
  "BR3.BPM11L3"                          10            "monitor"           103.642825          5.634261166          1.795425512          11.24676848         -4.325216564          2.743217738          2.819566237                    0                    0                    0                    0          -2.97696312         0.8599800278                    0                    0                    0                    0                    0                    0                    0                    0                    0                    0                    0                    0                    0                    0                    0                    0
  "BR3.BPM12L3"                          11            "monitor"            113.46033          5.599763131          1.735679216          11.15533557         -4.246493151          3.007934439          3.080394072                    0                    0                    0                    0         -2.800178482          0.806382803                    0                    0                    0                    0                    0                    0                    0                    0                    0                    0                    0                    0                    0                    0                    0                    0
  "BR3.BPM13L3"                          12            "monitor"           123.277835          5.596715256          1.784008657           11.3331515         -4.356087254          3.264838968          3.348009804                    0                    0                    0                    0         -2.801145053         0.7750921342                    0                    0                    0                    0                    0                    0                    0                    0                    0                    0                    0                    0                    0                    0                    0                    0
  "BR3.BPM14L3"                          13            "monitor"           133.095339           5.63718576          1.747975756          11.07484904         -4.219189792          3.529544015          3.609290133                    0                    0                    0                    0         -2.977789813          0.832944114                    0                    0                    0                    0                    0                    0                    0                    0                    0                    0                    0                    0                    0                    0                    0                    0
  "BR3.BPM15L3"                          14            "monitor"           142.912834          5.560013356          1.771040233          11.40537333         -4.378988563          3.786604608          3.876252736                    0                    0                    0                    0         -2.952803639         0.8563683482                    0                    0                    0                    0                    0                    0                    0                    0                    0                    0                    0                    0                    0                    0                    0                    0
  "BR3.BPM16L3"                          15            "monitor"           152.730339           5.67246391          1.761371287           11.0132803         -4.201441031            4.0510135          4.138374015                    0                    0                    0                    0         -2.779549428         0.7953311861                    0                    0                    0                    0                    0                    0                    0                    0                    0                    0                    0                    0                    0                    0                    0                    0
