@ NAME                 %s               "PSB3"
@ TYPE                 %s              "twiss"
@ TITLE                %n                  nil
@ ORIGIN               %s "MAD 1.1.14 Linux 64"
@ DATE                 %s           "31/08/26"
@ TIME                 %s           "04:07:21"
@ REFCOL               %s               "name"
@ DIRECTION            %le                    1
@ OBSERVE              %le                    1
@ ENERGY               %le          1.098272088
@ DELTAP               %le                    0
@ LENGTH               %le               157.08
@ ALFAP                %le        0.06515218641
@ Q1                   %le          4.173262655
@ Q2                   %le            4.2289718
@ Q3                   %le                    0
@ DQ1                  %le         -6.455512136
@ DQ2                  %le          -13.0528184
@ DQ3                  %le                    0
* NAME                                INDEX                 KIND                    S                 BETX                 ALFX                 BETY                 ALFY                  MUX                  MUY                    X                   PX                    Y                   PY                   DX                  DPX                   DY                  DPY                  R11                  R12                  R21                  R22                  K1L                  K2L                  K3L                  K4L                  K5L                 K1SL                 K2SL                 K3SL                 K4SL                 K5SL
$ %s                                     %d                   %s                  %le                  %le                  %le                  %le                  %le                  %le                  %le                  %le                  %le                  %le                  %le                  %le                  %le                  %le                  %le                  %le                  %le                  %le                  %le                  %le                  %le                  %le                  %le                  %le                  %le                  %le                  %le                  %le                  %le
  "BR3.BPM1L3"                            0            "monitor"             5.467797          5.606068453          1.762310226          11.22011315         -4.292827444         0.1394844806         0.1721474943                    0                    0                    0                    0         -2.883422866         0.8168260732                    0                    0                    0                    0                    0                    0                    0                    0                    0                    0                    0                    0                    0                    0                    0                    0
  "BR3.BPM2L3"                            1            "monitor"            15.285302           5.60605083          1.762306564           11.2201568         -4.292836324         0.4003135385         0.4364582982                    0                    0                    0                    0         -2.883418619         0.8168259157                    0                    0                    0                    0                    0                    0                    0                    0                    0                    0                    0                    0                    0                    0                    0                    0
  "BR3.BPM3L3"                            2            "monitor"            25.102807          5.606033207          1.762302903          11.22019927         -4.292844852         0.6611425964         0.7007691112                    0                    0                    0                    0         -2.883414991          0.816826017                    0                    0                    0                    0                    0                    0                    0                    0                    0                    0                    0                    0                    0                    0                    0                    0
  "BR3.BPM4L3"                            3            "monitor"            34.920312          5.606015584          1.762299241          11.22024242         -4.292853561         0.9219716543         0.9650799171                    0                    0                    0                    0          -2.88341126         0.8168262325                    0                    0                    0                    0                    0                    0                    0                    0                    0                    0                    0                    0                    0                    0                    0                    0
  "BR3.BPM5L3"                            4            "monitor"            44.737806          5.606036731          1.762303635          11.22019075          -4.29284315            1.1828004          1.229390572                    0                    0                    0                    0         -2.883415554         0.8168260976                    0                    0                    0                    0                    0                    0                    0                    0                    0                    0                    0                    0                    0                    0                    0                    0
  "BR3.BPM6L3"                            5            "monitor"            54.555311          5.606019108          1.762299973           11.2202339         -4.292851833          1.443629458          1.493701377                    0                    0                    0                    0         -2.883411049          0.816825833                    0                    0                    0                    0                    0                    0                    0                    0                    0                    0                    0                    0                    0                    0                    0                    0
  "BR3.BPM7L3"                            6            "monitor"            64.372816          5.606001485          1.762296311           11.2202766         -4.292860441          1.704458516          1.758012188                    0                    0                    0                    0         -2.883407581         0.8168259407                    0                    0                    0                    0                    0                    0                    0                    0                    0                    0                    0                    0                    0                    0                    0                    0
  "BR3.BPM8L3"                            7            "monitor"            74.190321          5.605983863          1.762292649          11.22031953         -4.292869081          1.965287574          2.022322994                    0                    0                    0                    0         -2.883404088         0.8168262623                    0                    0                    0                    0                    0                    0                    0                    0                    0                    0                    0                    0                    0                    0                    0                    0
  "BR3.BPM9L3"                            8            "monitor"            84.007826           5.60596624          1.762288987           11.2203625         -4.292877772          2.226116632          2.286633804                    0                    0                    0                    0         -2.883399204         0.8168261067                    0                    0                    0                    0                    0                    0                    0                    0                    0                    0                    0                    0                    0                    0                    0                    0
  "BR3.BPM10L3"                           9            "monitor"             93.82532          5.605987387          1.762293382          11.22031104         -4.292867407          2.486945377          2.550944456                    0                    0                    0                    0         -2.883403773         0.8168258736                    0                    0                    0                    0                    0                    0                    0                    0                    0                    0                    0                    0                    0                    0                    0                    0
  "BR3.BPM11L3"                          10            "monitor"           103.642825          5.605969764           1.76228972          11.22035377         -4.292875967          2.747774435          2.815255262                    0                    0                    0                    0         -2.883400281         0.8168259893                    0                    0                    0                    0                    0                    0                    0                    0                    0                    0                    0                    0                    0                    0                    0                    0
  "BR3.BPM12L3"                          11            "monitor"            113.46033          5.605952141          1.762286058          11.22039708         -4.292884809          3.008603493          3.079566074                    0                    0                    0                    0         -2.883396701         0.8168262783                    0                    0                    0                    0                    0                    0                    0                    0                    0                    0                    0                    0                    0                    0                    0                    0
  "BR3.BPM13L3"                          12            "monitor"           123.277835          5.605934518          1.762282396          11.22043956          -4.29289326          3.269432551          3.343876879                    0                    0                    0                    0         -2.883391853         0.8168261191                    0                    0                    0                    0                    0                    0                    0                    0                    0                    0                    0                    0                    0                    0                    0                    0
  "BR3.BPM14L3"                          13            "monitor"           133.095339           5.60592042          1.762279467          11.22047441         -4.292900409           3.53026158          3.608187676                    0                    0                    0                    0         -2.883388186         0.8168258517                    0                    0                    0                    0                    0                    0                    0                    0                    0                    0                    0                    0                    0                    0                    0                    0
  "BR3.BPM15L3"                          14            "monitor"           142.912834          5.605938043          1.762283129          11.22043092          -4.29289152          3.791090354          3.872498341                    0                    0                    0                    0         -2.883393088         0.8168260473                    0                    0                    0                    0                    0                    0                    0                    0                    0                    0                    0                    0                    0                    0                    0                    0
  "BR3.BPM16L3"                          15            "monitor"           152.730339           5.60592042          1.762279467          11.22047458         -4.292900444          4.051919412          4.136809149                    0                    0                    0                    0         -2.883389143         0.8168262206                    0                    0                    0                    0                    0                    0                    0                    0                    0                    0                    0                    0                    0                    0                    0                    0
