@ NAME                 %s               "PSB3"
@ TYPE                 %s              "twiss"
@ TITLE                %n                  nil
@ ORIGIN               %s "MAD 1.1.15 Linux 64"
@ DATE                 %s           "14/09/26"
@ TIME                 %s           "10:12:14"
@ REFCOL               %s               "name"
@ DIRECTION            %le                    1
@ OBSERVE              %le                    1
@ ENERGY               %le          1.098272088
@ DELTAP               %le                    0
@ LENGTH               %le               157.08
@ ALFAP                %le        0.06465026144
@ Q1                   %le                4.174
@ Q2                   %le          4.240800001
@ Q3                   %le                    0
@ DQ1                  %le         -6.465377211
@ DQ2                  %le         -13.02870442
@ DQ3                  %le                    0
* NAME                                INDEX                 KIND                    S                 BETX                 ALFX                 BETY                 ALFY                  MUX                  MUY                    X                   PX                    Y                   PY                   DX                  DPX                   DY                  DPY                  R11                  R12                  R21                  R22                  K1L                  K2L                  K3L                  K4L                  K5L                 K1SL                 K2SL                 K3SL                 K4SL                 K5SL
$ %s                                     %d                   %s                  %le                  %le                  %le                  %le                  %le                  %le                  %le                  %le                  %le                  %le                  %le                  %le                  %le                  %le                  %le                  %le                  %le                  %le                  %le                  %le                  %le                  %le                  %le                  %le                  %le                  %le                  %le                  %le                  %le
  "BR3.BPM1L3"                            0            "monitor"             5.467797          5.520833134          1.757055506           11.4623021         -4.400085304          0.138917833         0.1721383126                    0                    0                    0                    0         -2.825327621         0.7807805254                    0                    0                    0                    0                    0                    0                    0                    0                    0                    0                    0                    0                    0                    0                    0                    0
  "BR3.BPM2L3"                            1            "monitor"            15.285302          5.698590827          1.776379814          10.98051246         -4.203968889         0.4029224991         0.4360559851                    0                    0                    0                    0         -2.986964613         0.8424209063                    0                    0                    0                    0                    0                    0                    0                    0                    0                    0                    0                    0                    0                    0                    0                    0
  "BR3.BPM3L3"                            2            "monitor"            25.102807          5.733866984            1.8110281          10.98097901         -4.211833017         0.6587053999          0.705046327                    0                    0                    0                    0         -2.994950519         0.8557826161                    0                    0                    0                    0                    0                    0                    0                    0                    0                    0                    0                    0                    0                    0                    0                    0
  "BR3.BPM4L3"                            3            "monitor"            34.920312          5.477374336          1.714427549          11.46156693         -4.384075265         0.9210620011         0.9689303925                    0                    0                    0                    0         -2.854391841         0.8294054301                    0                    0                    0                    0                    0                    0                    0                    0                    0                    0                    0                    0                    0                    0                    0                    0
  "BR3.BPM5L3"                            4            "monitor"            44.737806          5.719033132          1.812566385          11.01405601         -4.232234807          1.180397441           1.23532356                    0                    0                    0                    0         -2.764387624         0.7747979026                    0                    0                    0                    0                    0                    0                    0                    0                    0                    0                    0                    0                    0                    0                    0                    0
  "BR3.BPM6L3"                            5            "monitor"            54.555311          5.496901269          1.714793842          11.41298039          -4.35841321          1.443706348          1.498030208                    0                    0                    0                    0          -2.91747248         0.8087795515                    0                    0                    0                    0                    0                    0                    0                    0                    0                    0                    0                    0                    0                    0                    0                    0
  "BR3.BPM7L3"                            6            "monitor"            64.372816          5.695165999          1.810297302          11.07652917         -4.262280661          1.702163767          1.765468591                    0                    0                    0                    0         -2.986158243          0.858654802                    0                    0                    0                    0                    0                    0                    0                    0                    0                    0                    0                    0                    0                    0                    0                    0
  "BR3.BPM8L3"                            7            "monitor"            74.190321          5.524543048          1.718900414           11.3390281         -4.325073208          1.966253417          2.027288883                    0                    0                    0                    0         -2.823500248         0.8177277015                    0                    0                    0                    0                    0                    0                    0                    0                    0                    0                    0                    0                    0                    0                    0                    0
  "BR3.BPM9L3"                            8            "monitor"            84.007826          5.664145277          1.804403684            11.159741         -4.297829255          2.224035827          2.295414071                    0                    0                    0                    0         -2.777457535         0.7735518695                    0                    0                    0                    0                    0                    0                    0                    0                    0                    0                    0                    0                    0                    0                    0                    0
  "BR3.BPM10L3"                           9            "monitor"             93.82532          5.558238699          1.726445454          11.24968452         -4.288596774          2.488674518          2.556761537                    0                    0                    0                    0         -2.946527349         0.8206308718                    0                    0                    0                    0                    0                    0                    0                    0                    0                    0                    0                    0                    0                    0                    0                    0
  "BR3.BPM11L3"                          10            "monitor"           103.642825          5.628402522          1.795348203          11.25218351         -4.333982961          2.746037682          2.825122069                    0                    0                    0                    0          -2.96901803         0.8582505084                    0                    0                    0                    0                    0                    0                    0                    0                    0                    0                    0                    0                    0                    0                    0                    0
  "BR3.BPM12L3"                          11            "monitor"            113.46033          5.595311436          1.736830801          11.15740391         -4.254029608          3.010952691          3.086476169                    0                    0                    0                    0          -2.79681674         0.8059327457                    0                    0                    0                    0                    0                    0                    0                    0                    0                    0                    0                    0                    0                    0                    0                    0
  "BR3.BPM13L3"                          12            "monitor"           123.277835          5.590618085          1.783813461          11.34135394         -4.365816547          3.268184932          3.354588726                    0                    0                    0                    0         -2.798297958         0.7755987674                    0                    0                    0                    0                    0                    0                    0                    0                    0                    0                    0                    0                    0                    0                    0                    0
  "BR3.BPM14L3"                          13            "monitor"           133.095339          5.632937923           1.74926276          11.07476389         -4.226099049          3.533081526          3.616427539                    0                    0                    0                    0         -2.970284534         0.8321407767                    0                    0                    0                    0                    0                    0                    0                    0                    0                    0                    0                    0                    0                    0                    0                    0
  "BR3.BPM15L3"                          14            "monitor"           142.912834          5.553784747          1.770705796          11.41483028          -4.38892306          3.790481061          3.883842233                    0                    0                    0                    0         -2.944852514         0.8546008326                    0                    0                    0                    0                    0                    0                    0                    0                    0                    0                    0                    0                    0                    0                    0                    0
  "BR3.BPM16L3"                          15            "monitor"           152.730339          5.668239356          1.762786924          11.01305429         -4.208628492          4.055066311            4.1465769                    0                    0                    0                    0         -2.776400617         0.7949310152                    0                    0                    0                    0                    0                    0                    0                    0                    0                    0                    0                    0                    0                    0                    0                    0
