@ NAME                 %s               "PSB3"
@ TYPE                 %s              "twiss"
@ TITLE                %n                  nil
@ ORIGIN               %s "MAD 1.1.15 Linux 64"
@ DATE                 %s           "11/09/26"
@ TIME                 %s           "22:54:47"
@ REFCOL               %s               "name"
@ DIRECTION            %le                    1
@ OBSERVE              %le                    1
@ ENERGY               %le          1.098272088
@ DELTAP               %le                    0
@ LENGTH               %le               157.08
@ ALFAP                %le         0.0650520699
@ Q1                   %le          4.177452268
@ Q2                   %le          4.237257218
@ Q3                   %le                    0
@ DQ1                  %le         -6.464265122
@ DQ2                  %le         -13.03770237
@ DQ3                  %le                    0
* NAME                                INDEX                 KIND                    S                 BETX                 ALFX                 BETY                 ALFY                  MUX                  MUY                    X                   PX                    Y                   PY                   DX                  DPX                   DY                  DPY                  R11                  R12                  R21                  R22                  K1L                  K2L                  K3L                  K4L                  K5L                 K1SL                 K2SL                 K3SL                 K4SL                 K5SL
$ %s                                     %d                   %s                  %le                  %le                  %le                  %le                  %le                  %le                  %le                  %le                  %le                  %le                  %le                  %le                  %le                  %le                  %le                  %le                  %le                  %le                  %le                  %le                  %le                  %le                  %le                  %le                  %le                  %le                  %le                  %le                  %le
  "BR3.BPM1L3"                            0            "monitor"             5.467797          5.600909562          1.762838486          11.22461589         -4.301254915           0.13962449         0.1725668753                    0                    0                    0                    0         -2.878031492         0.8162091093                    0                    0                    0                    0                    0                    0                    0                    0                    0                    0                    0                    0                    0                    0                    0                    0
  "BR3.BPM2L3"                            1            "monitor"            15.285302          5.600891934          1.762834819          11.22465963         -4.301263823         0.4007153988         0.4373955177                    0                    0                    0                    0         -2.878027257         0.8162089573                    0                    0                    0                    0                    0                    0                    0                    0                    0                    0                    0                    0                    0                    0                    0                    0
  "BR3.BPM3L3"                            2            "monitor"            25.102807          5.600874306          1.762831152          11.22470219         -4.301272383         0.6618063077         0.7022241694                    0                    0                    0                    0         -2.878023616         0.8162090551                    0                    0                    0                    0                    0                    0                    0                    0                    0                    0                    0                    0                    0                    0                    0                    0
  "BR3.BPM4L3"                            3            "monitor"            34.920312          5.600856677          1.762827485          11.22474541         -4.301281115         0.9228972165         0.9670528138                    0                    0                    0                    0          -2.87801988         0.8162092652                    0                    0                    0                    0                    0                    0                    0                    0                    0                    0                    0                    0                    0                    0                    0                    0
  "BR3.BPM5L3"                            4            "monitor"            44.737806          5.600877831          1.762831885          11.22469366         -4.301270676          1.183987813          1.231881308                    0                    0                    0                    0         -2.878024187          0.816209134                    0                    0                    0                    0                    0                    0                    0                    0                    0                    0                    0                    0                    0                    0                    0                    0
  "BR3.BPM6L3"                            5            "monitor"            54.555311          5.600860203          1.762828218          11.22473687         -4.301279381          1.445078722          1.496709951                    0                    0                    0                    0         -2.878019693         0.8162088746                    0                    0                    0                    0                    0                    0                    0                    0                    0                    0                    0                    0                    0                    0                    0                    0
  "BR3.BPM7L3"                            6            "monitor"            64.372816          5.600842575          1.762824551          11.22477967         -4.301288026          1.706169631          1.761538601                    0                    0                    0                    0         -2.878016212         0.8162089786                    0                    0                    0                    0                    0                    0                    0                    0                    0                    0                    0                    0                    0                    0                    0                    0
  "BR3.BPM8L3"                            7            "monitor"            74.190321          5.600824946          1.762820885          11.22482267         -4.301296685          1.967260539          2.026367246                    0                    0                    0                    0         -2.878012714         0.8162092952                    0                    0                    0                    0                    0                    0                    0                    0                    0                    0                    0                    0                    0                    0                    0                    0
  "BR3.BPM9L3"                            8            "monitor"            84.007826          5.600807318          1.762817218          11.22486574         -4.301305415          2.228351448          2.291195893                    0                    0                    0                    0         -2.878007848         0.8162091429                    0                    0                    0                    0                    0                    0                    0                    0                    0                    0                    0                    0                    0                    0                    0                    0
  "BR3.BPM10L3"                           9            "monitor"             93.82532          5.600828472          1.762821618          11.22481416         -4.301295007          2.489442045          2.556024385                    0                    0                    0                    0         -2.878012422         0.8162089151                    0                    0                    0                    0                    0                    0                    0                    0                    0                    0                    0                    0                    0                    0                    0                    0
  "BR3.BPM11L3"                          10            "monitor"           103.642825          5.600810844          1.762817951            11.224857         -4.301303603          2.750532953          2.820853029                    0                    0                    0                    0         -2.878008918         0.8162090274                    0                    0                    0                    0                    0                    0                    0                    0                    0                    0                    0                    0                    0                    0                    0                    0
  "BR3.BPM12L3"                          11            "monitor"            113.46033          5.600793216          1.762814284          11.22490037         -4.301312469          3.011623862           3.08568168                    0                    0                    0                    0         -2.878005333         0.8162093113                    0                    0                    0                    0                    0                    0                    0                    0                    0                    0                    0                    0                    0                    0                    0                    0
  "BR3.BPM13L3"                          12            "monitor"           123.277835          5.600775588          1.762810617          11.22494294         -4.301320951          3.272714771          3.350510324                    0                    0                    0                    0         -2.878000503         0.8162091553                    0                    0                    0                    0                    0                    0                    0                    0                    0                    0                    0                    0                    0                    0                    0                    0
  "BR3.BPM14L3"                          13            "monitor"           133.095339          5.600761485          1.762807684          11.22497786         -4.301328123          3.533805652          3.615338959                    0                    0                    0                    0         -2.877996846         0.8162088931                    0                    0                    0                    0                    0                    0                    0                    0                    0                    0                    0                    0                    0                    0                    0                    0
  "BR3.BPM15L3"                          14            "monitor"           142.912834          5.600779113          1.762811351          11.22493429         -4.301319203          3.794896276          3.880167463                    0                    0                    0                    0          -2.87800173         0.8162090856                    0                    0                    0                    0                    0                    0                    0                    0                    0                    0                    0                    0                    0                    0                    0                    0
  "BR3.BPM16L3"                          15            "monitor"           152.730339          5.600761485          1.762807684          11.22497803         -4.301328158          4.055987185          4.144996109                    0                    0                    0                    0         -2.877997779         0.8162092535                    0                    0                    0                    0                    0                    0                    0                    0                    0                    0                    0                    0                    0                    0                    0                    0
