@ NAME                 %s               "PSB3"
@ TYPE                 %s              "twiss"
@ TITLE                %n                  nil
@ ORIGIN               %s "MAD 1.1.15 Linux 64"
@ DATE                 %s           "13/09/26"
@ TIME                 %s           "10:42:50"
@ REFCOL               %s               "name"
@ DIRECTION            %le                    1
@ OBSERVE              %le                    1
@ ENERGY               %le          1.098272088
@ DELTAP               %le                    0
@ LENGTH               %le               157.08
@ ALFAP                %le        0.06319761849
@ Q1                   %le          4.233233155
@ Q2                   %le          4.127877708
@ Q3                   %le                    0
@ DQ1                  %le         -6.497297195
@ DQ2                  %le         -12.81036307
@ DQ3                  %le                    0
* NAME                                INDEX                 KIND                    S                 BETX                 ALFX                 BETY                 ALFY                  MUX                  MUY                    X                   PX                    Y                   PY                   DX                  DPX                   DY                  DPY                  R11                  R12                  R21                  R22                  K1L                  K2L                  K3L                  K4L                  K5L                 K1SL                 K2SL                 K3SL                 K4SL                 K5SL
$ %s                                     %d                   %s                  %le                  %le                  %le                  %le                  %le                  %le                  %le                  %le                  %le                  %le                  %le                  %le                  %le                  %le                  %le                  %le                  %le                  %le                  %le                  %le                  %le                  %le                  %le                  %le                  %le                  %le                  %le                  %le                  %le
  "BR3.BPM1L3"                            0            "monitor"             5.467797          5.557458143          1.744160253          11.26266331         -4.287390121          0.141886841         0.1672488446                    0                    0                    0                    0         -2.809249202         0.7928627158                    0                    0                    0                    0                    0                    0                    0                    0                    0                    0                    0                    0                    0                    0                    0                    0
  "BR3.BPM2L3"                            1            "monitor"            15.285302          5.557440702          1.744156617           11.2627071         -4.287399015         0.4064640564         0.4252412672                    0                    0                    0                    0         -2.809245175         0.7928626208                    0                    0                    0                    0                    0                    0                    0                    0                    0                    0                    0                    0                    0                    0                    0                    0
  "BR3.BPM3L3"                            2            "monitor"            25.102807           5.55742326           1.74415298          11.26274927         -4.287407401         0.6710412718         0.6832336992                    0                    0                    0                    0         -2.809241485         0.7928626817                    0                    0                    0                    0                    0                    0                    0                    0                    0                    0                    0                    0                    0                    0                    0                    0
  "BR3.BPM4L3"                            3            "monitor"            34.920312          5.557405819          1.744149343          11.26279264          -4.28741616         0.9356184872          0.941226124                    0                    0                    0                    0         -2.809237784         0.7928628365                    0                    0                    0                    0                    0                    0                    0                    0                    0                    0                    0                    0                    0                    0                    0                    0
  "BR3.BPM5L3"                            4            "monitor"            44.737806          5.557426749          1.744153707          11.26274074         -4.287405699          1.200195388          1.199218399                    0                    0                    0                    0         -2.809242117         0.7928627442                    0                    0                    0                    0                    0                    0                    0                    0                    0                    0                    0                    0                    0                    0                    0                    0
  "BR3.BPM6L3"                            5            "monitor"            54.555311          5.557409307          1.744150071          11.26278417         -4.287414454          1.464772603          1.457210822                    0                    0                    0                    0         -2.809237817         0.7928625384                    0                    0                    0                    0                    0                    0                    0                    0                    0                    0                    0                    0                    0                    0                    0                    0
  "BR3.BPM7L3"                            6            "monitor"            64.372816          5.557391866          1.744146434          11.26282644         -4.287422873          1.729349818          1.715203253                    0                    0                    0                    0         -2.809234289         0.7928626035                    0                    0                    0                    0                    0                    0                    0                    0                    0                    0                    0                    0                    0                    0                    0                    0
  "BR3.BPM8L3"                            7            "monitor"            74.190321          5.557374424          1.744142797          11.26286972         -4.287431602          1.993927034          1.973195677                    0                    0                    0                    0         -2.809230833         0.7928628684                    0                    0                    0                    0                    0                    0                    0                    0                    0                    0                    0                    0                    0                    0                    0                    0
  "BR3.BPM9L3"                            8            "monitor"            84.007826          5.557356983          1.744139161          11.26291222         -4.287440098          2.258504249          2.231188107                    0                    0                    0                    0         -2.809226238         0.7928627517                    0                    0                    0                    0                    0                    0                    0                    0                    0                    0                    0                    0                    0                    0                    0                    0
  "BR3.BPM10L3"                           9            "monitor"             93.82532          5.557377912          1.744143525          11.26286123         -4.287429931          2.523081149          2.489180378                    0                    0                    0                    0         -2.809230752         0.7928625761                    0                    0                    0                    0                    0                    0                    0                    0                    0                    0                    0                    0                    0                    0                    0                    0
  "BR3.BPM11L3"                          10            "monitor"           103.642825          5.557360471          1.744139888          11.26290355          -4.28743832          2.787658365          2.747172804                    0                    0                    0                    0         -2.809227212         0.7928626539                    0                    0                    0                    0                    0                    0                    0                    0                    0                    0                    0                    0                    0                    0                    0                    0
  "BR3.BPM12L3"                          11            "monitor"            113.46033           5.55734303          1.744136251           11.2629471         -4.287447204           3.05223558          3.005165233                    0                    0                    0                    0         -2.809223664         0.7928628863                    0                    0                    0                    0                    0                    0                    0                    0                    0                    0                    0                    0                    0                    0                    0                    0
  "BR3.BPM13L3"                          12            "monitor"           123.277835          5.557325588          1.744132615          11.26298927         -4.287455527          3.316812796          3.263157659                    0                    0                    0                    0         -2.809219098         0.7928627629                    0                    0                    0                    0                    0                    0                    0                    0                    0                    0                    0                    0                    0                    0                    0                    0
  "BR3.BPM14L3"                          13            "monitor"           133.095339          5.557311635          1.744129705          11.26302429         -4.287462692          3.581389982          3.521150073                    0                    0                    0                    0          -2.80921562         0.7928625531                    0                    0                    0                    0                    0                    0                    0                    0                    0                    0                    0                    0                    0                    0                    0                    0
  "BR3.BPM15L3"                          14            "monitor"           142.912834          5.557329077          1.744133342          11.26298069         -4.287453809          3.845966911          3.779142359                    0                    0                    0                    0         -2.809220242         0.7928627149                    0                    0                    0                    0                    0                    0                    0                    0                    0                    0                    0                    0                    0                    0                    0                    0
  "BR3.BPM16L3"                          15            "monitor"           152.730339          5.557311635          1.744129705          11.26302444         -4.287462721          4.110544127          4.037134785                    0                    0                    0                    0         -2.809216314         0.7928628272                    0                    0                    0                    0                    0                    0                    0                    0                    0                    0                    0                    0                    0                    0                    0                    0
