@ NAME                 %s               "PSB3"
@ TYPE                 %s              "twiss"
@ TITLE                %n                  nil
@ ORIGIN               %s "MAD 1.1.15 Linux 64"
@ DATE                 %s           "13/09/26"
@ TIME                 %s           "10:42:50"
@ REFCOL               %s               "name"
@ DIRECTION            %le                    1
@ OBSERVE              %le                    1
@ ENERGY               %le          1.098272088
@ DELTAP               %le                    0
@ LENGTH               %le               157.08
@ ALFAP                %le        0.06286642064
@ Q1                   %le               4.2297
@ Q2                   %le          4.131400001
@ Q3                   %le                    0
@ DQ1                  %le          -6.49814537
@ DQ2                  %le         -12.80463949
@ DQ3                  %le                    0
* NAME                                INDEX                 KIND                    S                 BETX                 ALFX                 BETY                 ALFY                  MUX                  MUY                    X                   PX                    Y                   PY                   DX                  DPX                   DY                  DPY                  R11                  R12                  R21                  R22                  K1L                  K2L                  K3L                  K4L                  K5L                 K1SL                 K2SL                 K3SL                 K4SL                 K5SL
$ %s                                     %d                   %s                  %le                  %le                  %le                  %le                  %le                  %le                  %le                  %le                  %le                  %le                  %le                  %le                  %le                  %le                  %le                  %le                  %le                  %le                  %le                  %le                  %le                  %le                  %le                  %le                  %le                  %le                  %le                  %le                  %le
  "BR3.BPM1L3"                            0            "monitor"             5.467797            5.4593805          1.726771049          11.47618296         -4.392836691         0.1419696317         0.1688537254                    0                    0                    0                    0         -2.779991977         0.7678571984                    0                    0                    0                    0                    0                    0                    0                    0                    0                    0                    0                    0                    0                    0                    0                    0
  "BR3.BPM2L3"                            1            "monitor"            15.285302          5.670187288          1.769633885          11.03337422         -4.177909182         0.4084024644         0.4231574251                    0                    0                    0                    0         -2.899490229         0.8173901046                    0                    0                    0                    0                    0                    0                    0                    0                    0                    0                    0                    0                    0                    0                    0                    0
  "BR3.BPM3L3"                            2            "monitor"            25.102807          5.682772752          1.782034217          11.03363253         -4.222396446         0.6687808347         0.6882412788                    0                    0                    0                    0         -2.901868906         0.8213886486                    0                    0                    0                    0                    0                    0                    0                    0                    0                    0                    0                    0                    0                    0                    0                    0
  "BR3.BPM4L3"                            3            "monitor"            34.920312          5.435430513          1.703239449          11.47607844         -4.344426356         0.9334547853         0.9425422613                    0                    0                    0                    0         -2.803778618         0.8077968091                    0                    0                    0                    0                    0                    0                    0                    0                    0                    0                    0                    0                    0                    0                    0                    0
  "BR3.BPM5L3"                            4            "monitor"            44.737806          5.677453829          1.788451644            11.088239         -4.246889787          1.197298331          1.204518685                    0                    0                    0                    0         -2.717613269          0.761604982                    0                    0                    0                    0                    0                    0                    0                    0                    0                    0                    0                    0                    0                    0                    0                    0
  "BR3.BPM6L3"                            5            "monitor"            54.555311          5.448854225          1.699674679          11.41754635         -4.318946624          1.463233641          1.458269187                    0                    0                    0                    0         -2.831458136         0.7836463884                    0                    0                    0                    0                    0                    0                    0                    0                    0                    0                    0                    0                    0                    0                    0                    0
  "BR3.BPM7L3"                            6            "monitor"            64.372816          5.656349057          1.789039233          11.15016621         -4.273111139           1.72588331          1.720710723                    0                    0                    0                    0         -2.896798168         0.8258062289                    0                    0                    0                    0                    0                    0                    0                    0                    0                    0                    0                    0                    0                    0                    0                    0
  "BR3.BPM8L3"                            7            "monitor"            74.190321          5.476832871          1.702062961          11.35309465         -4.292297456          1.992898634          1.974081556                    0                    0                    0                    0         -2.770992839         0.7960528094                    0                    0                    0                    0                    0                    0                    0                    0                    0                    0                    0                    0                    0                    0                    0                    0
  "BR3.BPM9L3"                            8            "monitor"            84.007826          5.622294406          1.783726148          11.21683466          -4.29998808          2.254609521          2.236809479                    0                    0                    0                    0         -2.728657372         0.7593356067                    0                    0                    0                    0                    0                    0                    0                    0                    0                    0                    0                    0                    0                    0                    0                    0
  "BR3.BPM10L3"                           9            "monitor"             93.82532          5.515723175          1.710102024          11.28512976         -4.265513626          2.522380759          2.489986631                    0                    0                    0                    0         -2.862206831         0.7958055843                    0                    0                    0                    0                    0                    0                    0                    0                    0                    0                    0                    0                    0                    0                    0                    0
  "BR3.BPM11L3"                          10            "monitor"           103.642825          5.579844427          1.773224822          11.28547144         -4.326421144           2.78353378          2.752811008                    0                    0                    0                    0          -2.88010547         0.8258514495                    0                    0                    0                    0                    0                    0                    0                    0                    0                    0                    0                    0                    0                    0                    0                    0
  "BR3.BPM12L3"                          11            "monitor"            113.46033          5.560288559          1.722709272          11.21657245         -4.239709573          3.051638482          3.005988743                    0                    0                    0                    0         -2.743282248         0.7838854064                    0                    0                    0                    0                    0                    0                    0                    0                    0                    0                    0                    0                    0                    0                    0                    0
  "BR3.BPM13L3"                          12            "monitor"           123.277835          5.534555744          1.758912844          11.35350608          -4.35138575          3.312689214          3.268715821                    0                    0                    0                    0         -2.750403488         0.7615161718                    0                    0                    0                    0                    0                    0                    0                    0                    0                    0                    0                    0                    0                    0                    0                    0
  "BR3.BPM14L3"                          13            "monitor"           133.095339          5.604650162          1.738218931          11.15008016         -4.215903097          3.580660333          3.522087904                    0                    0                    0                    0         -2.885915772         0.8075741046                    0                    0                    0                    0                    0                    0                    0                    0                    0                    0                    0                    0                    0                    0                    0                    0
  "BR3.BPM15L3"                          14            "monitor"           142.912834          5.492512424          1.742705129          11.41801514           -4.3738401           3.84207777          3.784527645                    0                    0                    0                    0         -2.854005504          0.821518197                    0                    0                    0                    0                    0                    0                    0                    0                    0                    0                    0                    0                    0                    0                    0                    0
  "BR3.BPM16L3"                          15            "monitor"           152.730339          5.642943956          1.754577354          11.08826319          -4.19503888          4.109466144          4.038280191                    0                    0                    0                    0          -2.72432385         0.7729094748                    0                    0                    0                    0                    0                    0                    0                    0                    0                    0                    0                    0                    0                    0                    0                    0
