@ NAME                 %s               "PSB3"
@ TYPE                 %s              "twiss"
@ TITLE                %n                  nil
@ ORIGIN               %s "MAD 1.1.15 Linux 64"
@ DATE                 %s           "11/09/26"
@ TIME                 %s           "22:56:30"
@ REFCOL               %s               "name"
@ DIRECTION            %le                    1
@ OBSERVE              %le                    1
@ ENERGY               %le          1.098272088
@ DELTAP               %le                    0
@ LENGTH               %le               157.08
@ ALFAP                %le        0.06464292193
@ Q1                   %le               4.1738
@ Q2                   %le          4.241000001
@ Q3                   %le                    0
@ DQ1                  %le         -6.465413563
@ DQ2                  %le         -13.02942214
@ DQ3                  %le                    0
* NAME                                INDEX                 KIND                    S                 BETX                 ALFX                 BETY                 ALFY                  MUX                  MUY                    X                   PX                    Y                   PY                   DX                  DPX                   DY                  DPY                  R11                  R12                  R21                  R22                  K1L                  K2L                  K3L                  K4L                  K5L                 K1SL                 K2SL                 K3SL                 K4SL                 K5SL
$ %s                                     %d                   %s                  %le                  %le                  %le                  %le                  %le                  %le                  %le                  %le                  %le                  %le                  %le                  %le                  %le                  %le                  %le                  %le                  %le                  %le                  %le                  %le                  %le                  %le                  %le                  %le                  %le                  %le                  %le                  %le                  %le
  "BR3.BPM1L3"                            0            "monitor"             5.467797          5.518872488          1.756984668          11.45824167         -4.398451309         0.1388922807         0.1721548778                    0                    0                    0                    0         -2.823970556         0.7798397481                    0                    0                    0                    0                    0                    0                    0                    0                    0                    0                    0                    0                    0                    0                    0                    0
  "BR3.BPM2L3"                            1            "monitor"            15.285302          5.701278537          1.776769933          10.98454501         -4.205690849         0.4029698574         0.4361092707                    0                    0                    0                    0          -2.99011253         0.8431882868                    0                    0                    0                    0                    0                    0                    0                    0                    0                    0                    0                    0                    0                    0                    0                    0
  "BR3.BPM3L3"                            2            "monitor"            25.102807          5.737542531          1.812387925          10.98500159          -4.21335284          0.658603613         0.7050393829                    0                    0                    0                    0         -2.998330139         0.8569373884                    0                    0                    0                    0                    0                    0                    0                    0                    0                    0                    0                    0                    0                    0                    0                    0
  "BR3.BPM4L3"                            3            "monitor"            34.920312          5.474216526          1.713181515          11.45752238          -4.38277147          0.920989681         0.9689606567                    0                    0                    0                    0         -2.853839422         0.8298099166                    0                    0                    0                    0                    0                    0                    0                    0                    0                    0                    0                    0                    0                    0                    0                    0
  "BR3.BPM5L3"                            4            "monitor"            44.737806           5.72229964          1.813958615          11.01743345          -4.23338713          1.180269427          1.235339418                    0                    0                    0                    0         -2.761375925         0.7736948584                    0                    0                    0                    0                    0                    0                    0                    0                    0                    0                    0                    0                    0                    0                    0                    0
  "BR3.BPM6L3"                            5            "monitor"            54.555311           5.49427118          1.713564167          11.40980458         -4.357550626           1.44363246          1.498101577                    0                    0                    0                    0         -2.918727389         0.8086319317                    0                    0                    0                    0                    0                    0                    0                    0                    0                    0                    0                    0                    0                    0                    0                    0
  "BR3.BPM7L3"                            6            "monitor"            64.372816          5.697795833          1.811624711          11.07884075         -4.262931429          1.702011395          1.765509554                    0                    0                    0                    0         -2.989291714         0.8598846492                    0                    0                    0                    0                    0                    0                    0                    0                    0                    0                    0                    0                    0                    0                    0                    0
  "BR3.BPM8L3"                            7            "monitor"            74.190321          5.522646788          1.717782815          11.33708305         -4.324757402           1.96617532          2.027398897                    0                    0                    0                    0         -2.822111548         0.8178146822                    0                    0                    0                    0                    0                    0                    0                    0                    0                    0                    0                    0                    0                    0                    0                    0
  "BR3.BPM9L3"                            8            "monitor"            84.007826          5.665957676          1.805573834          11.16069402         -4.297904466          2.223861738          2.295483324                    0                    0                    0                    0         -2.774805744         0.7724169402                    0                    0                    0                    0                    0                    0                    0                    0                    0                    0                    0                    0                    0                    0                    0                    0
  "BR3.BPM10L3"                           9            "monitor"             93.82532          5.557228357          1.725527385            11.249185         -4.288868026          2.488588888          2.556906995                    0                    0                    0                    0         -2.948569569         0.8208050889                    0                    0                    0                    0                    0                    0                    0                    0                    0                    0                    0                    0                    0                    0                    0                    0
  "BR3.BPM11L3"                          10            "monitor"           103.642825          5.629276852          1.796280233          11.25164742         -4.333477217          2.745845133          2.825223237                    0                    0                    0                    0         -2.971684518         0.8594684628                    0                    0                    0                    0                    0                    0                    0                    0                    0                    0                    0                    0                    0                    0                    0                    0
  "BR3.BPM12L3"                          11            "monitor"            113.46033          5.595274014          1.736185051          11.15839243         -4.254858301          3.010855803          3.086653454                    0                    0                    0                    0         -2.794704258         0.8056995101                    0                    0                    0                    0                    0                    0                    0                    0                    0                    0                    0                    0                    0                    0                    0                    0
  "BR3.BPM13L3"                          12            "monitor"           123.277835          5.590502626          1.784444004          11.33937552           -4.3647936          3.267977593          3.354725423                    0                    0                    0                    0         -2.796211599         0.7745192879                    0                    0                    0                    0                    0                    0                    0                    0                    0                    0                    0                    0                    0                    0                    0                    0
  "BR3.BPM14L3"                          13            "monitor"           133.095339          5.633888881          1.748942098          11.07710575         -4.227389173          3.532969556           3.61663303                    0                    0                    0                    0         -2.972973621          0.832627668                    0                    0                    0                    0                    0                    0                    0                    0                    0                    0                    0                    0                    0                    0                    0                    0
  "BR3.BPM15L3"                          14            "monitor"           142.912834          5.552700565          1.770993653          11.41162822         -4.387508351          3.790262763          3.884017646                    0                    0                    0                    0         -2.946865574         0.8557208056                    0                    0                    0                    0                    0                    0                    0                    0                    0                    0                    0                    0                    0                    0                    0                    0
  "BR3.BPM16L3"                          15            "monitor"           152.730339          5.670121499          1.762820223          11.01645321         -4.210228872          4.054935612          4.146807427                    0                    0                    0                    0         -2.773730141         0.7943984298                    0                    0                    0                    0                    0                    0                    0                    0                    0                    0                    0                    0                    0                    0                    0                    0
