@ NAME                 %s               "PSB3"
@ TYPE                 %s              "twiss"
@ TITLE                %n                  nil
@ ORIGIN               %s "MAD 1.1.15 Linux 64"
@ DATE                 %s           "11/09/26"
@ TIME                 %s           "22:56:30"
@ REFCOL               %s               "name"
@ DIRECTION            %le                    1
@ OBSERVE              %le                    1
@ ENERGY               %le          1.098272088
@ DELTAP               %le                    0
@ LENGTH               %le               157.08
@ ALFAP                %le        0.06505511165
@ Q1                   %le          4.177343164
@ Q2                   %le           4.23751766
@ Q3                   %le                    0
@ DQ1                  %le         -6.464220177
@ DQ2                  %le         -13.03833556
@ DQ3                  %le                    0
* NAME                                INDEX                 KIND                    S                 BETX                 ALFX                 BETY                 ALFY                  MUX                  MUY                    X                   PX                    Y                   PY                   DX                  DPX                   DY                  DPY                  R11                  R12                  R21                  R22                  K1L                  K2L                  K3L                  K4L                  K5L                 K1SL                 K2SL                 K3SL                 K4SL                 K5SL
$ %s                                     %d                   %s                  %le                  %le                  %le                  %le                  %le                  %le                  %le                  %le                  %le                  %le                  %le                  %le                  %le                  %le                  %le                  %le                  %le                  %le                  %le                  %le                  %le                  %le                  %le                  %le                  %le                  %le                  %le                  %le                  %le
  "BR3.BPM1L3"                            0            "monitor"             5.467797          5.600991653           1.76288127          11.22456813          -4.30131746         0.1396200028         0.1725796813                    0                    0                    0                    0         -2.878168489         0.8162590788                    0                    0                    0                    0                    0                    0                    0                    0                    0                    0                    0                    0                    0                    0                    0                    0
  "BR3.BPM2L3"                            1            "monitor"            15.285302          5.600974024          1.762877603          11.22461187         -4.301326369         0.4007040926         0.4374246013                    0                    0                    0                    0         -2.878164254         0.8162589267                    0                    0                    0                    0                    0                    0                    0                    0                    0                    0                    0                    0                    0                    0                    0                    0
  "BR3.BPM3L3"                            2            "monitor"            25.102807          5.600956395          1.762873936          11.22465443         -4.301334929         0.6617881825         0.7022695306                    0                    0                    0                    0         -2.878160613         0.8162590246                    0                    0                    0                    0                    0                    0                    0                    0                    0                    0                    0                    0                    0                    0                    0                    0
  "BR3.BPM4L3"                            3            "monitor"            34.920312          5.600938767          1.762870269          11.22469764         -4.301343662         0.9228722723         0.9671144527                    0                    0                    0                    0         -2.878156877         0.8162592348                    0                    0                    0                    0                    0                    0                    0                    0                    0                    0                    0                    0                    0                    0                    0                    0
  "BR3.BPM5L3"                            4            "monitor"            44.737806          5.600959921           1.76287467           11.2246459         -4.301333222           1.18395605          1.231959224                    0                    0                    0                    0         -2.878161184         0.8162591035                    0                    0                    0                    0                    0                    0                    0                    0                    0                    0                    0                    0                    0                    0                    0                    0
  "BR3.BPM6L3"                            5            "monitor"            54.555311          5.600942292          1.762871003          11.22468911         -4.301341926          1.445040139          1.496804145                    0                    0                    0                    0         -2.878156689          0.816258844                    0                    0                    0                    0                    0                    0                    0                    0                    0                    0                    0                    0                    0                    0                    0                    0
  "BR3.BPM7L3"                            6            "monitor"            64.372816          5.600924664          1.762867336          11.22473191         -4.301350573          1.706124229          1.761649073                    0                    0                    0                    0         -2.878153208         0.8162589481                    0                    0                    0                    0                    0                    0                    0                    0                    0                    0                    0                    0                    0                    0                    0                    0
  "BR3.BPM8L3"                            7            "monitor"            74.190321          5.600907035          1.762863669          11.22477491         -4.301359232          1.967208319          2.026493995                    0                    0                    0                    0          -2.87814971         0.8162592649                    0                    0                    0                    0                    0                    0                    0                    0                    0                    0                    0                    0                    0                    0                    0                    0
  "BR3.BPM9L3"                            8            "monitor"            84.007826          5.600889406          1.762860002          11.22481798         -4.301367962          2.228292409           2.29133892                    0                    0                    0                    0         -2.878144844         0.8162591125                    0                    0                    0                    0                    0                    0                    0                    0                    0                    0                    0                    0                    0                    0                    0                    0
  "BR3.BPM10L3"                           9            "monitor"             93.82532          5.600910561          1.762864402           11.2247664         -4.301357554          2.489376186          2.556183689                    0                    0                    0                    0         -2.878149418         0.8162588845                    0                    0                    0                    0                    0                    0                    0                    0                    0                    0                    0                    0                    0                    0                    0                    0
  "BR3.BPM11L3"                          10            "monitor"           103.642825          5.600892932          1.762860735          11.22480924         -4.301366149          2.750460276          2.821028611                    0                    0                    0                    0         -2.878145914         0.8162589969                    0                    0                    0                    0                    0                    0                    0                    0                    0                    0                    0                    0                    0                    0                    0                    0
  "BR3.BPM12L3"                          11            "monitor"            113.46033          5.600875304          1.762857068          11.22485261         -4.301375016          3.011544366          3.085873539                    0                    0                    0                    0         -2.878142329         0.8162592809                    0                    0                    0                    0                    0                    0                    0                    0                    0                    0                    0                    0                    0                    0                    0                    0
  "BR3.BPM13L3"                          12            "monitor"           123.277835          5.600857675          1.762853401          11.22489518         -4.301383498          3.272628456          3.350718461                    0                    0                    0                    0         -2.878137499         0.8162591248                    0                    0                    0                    0                    0                    0                    0                    0                    0                    0                    0                    0                    0                    0                    0                    0
  "BR3.BPM14L3"                          13            "monitor"           133.095339          5.600843572          1.762850468           11.2249301         -4.301390671          3.533712517          3.615563374                    0                    0                    0                    0         -2.878133841         0.8162588625                    0                    0                    0                    0                    0                    0                    0                    0                    0                    0                    0                    0                    0                    0                    0                    0
  "BR3.BPM15L3"                          14            "monitor"           142.912834          5.600861201          1.762854135          11.22488653         -4.301381751          3.794796323          3.880408155                    0                    0                    0                    0         -2.878138726         0.8162590551                    0                    0                    0                    0                    0                    0                    0                    0                    0                    0                    0                    0                    0                    0                    0                    0
  "BR3.BPM16L3"                          15            "monitor"           152.730339          5.600843572          1.762850468          11.22493028         -4.301390706          4.055880413           4.14525308                    0                    0                    0                    0         -2.878134775         0.8162592231                    0                    0                    0                    0                    0                    0                    0                    0                    0                    0                    0                    0                    0                    0                    0                    0
