@ NAME                 %s               "PSB3"
@ TYPE                 %s              "twiss"
@ TITLE                %n                  nil
@ ORIGIN               %s "MAD 1.1.15 Linux 64"
@ DATE                 %s           "11/09/26"
@ TIME                 %s           "23:14:48"
@ REFCOL               %s               "name"
@ DIRECTION            %le                    1
@ OBSERVE              %le                    1
@ ENERGY               %le          1.098272088
@ DELTAP               %le                    0
@ LENGTH               %le               157.08
@ ALFAP                %le        0.06484251493
@ Q1                   %le               4.1652
@ Q2                   %le          4.224600001
@ Q3                   %le                    0
@ DQ1                  %le         -6.447691484
@ DQ2                  %le         -12.94825872
@ DQ3                  %le                    0
* NAME                                INDEX                 KIND                    S                 BETX                 ALFX                 BETY                 ALFY                  MUX                  MUY                    X                   PX                    Y                   PY                   DX                  DPX                   DY                  DPY                  R11                  R12                  R21                  R22                  K1L                  K2L                  K3L                  K4L                  K5L                 K1SL                 K2SL                 K3SL                 K4SL                 K5SL
$ %s                                     %d                   %s                  %le                  %le                  %le                  %le                  %le                  %le                  %le                  %le                  %le                  %le                  %le                  %le                  %le                  %le                  %le                  %le                  %le                  %le                  %le                  %le                  %le                  %le                  %le                  %le                  %le                  %le                  %le                  %le                  %le
  "BR3.BPM1L3"                            0            "monitor"             5.467797          5.533655577          1.758185653          11.44877374         -4.383207705         0.1384724471         0.1715620272                    0                    0                    0                    0         -2.831145191         0.7796672032                    0                    0                    0                    0                    0                    0                    0                    0                    0                    0                    0                    0                    0                    0                    0                    0
  "BR3.BPM2L3"                            1            "monitor"            15.285302          5.707725139          1.773395054          10.97419254          -4.18638581          0.402152228         0.4341457885                    0                    0                    0                    0          -3.00330561         0.8443417054                    0                    0                    0                    0                    0                    0                    0                    0                    0                    0                    0                    0                    0                    0                    0                    0
  "BR3.BPM3L3"                            2            "monitor"            25.102807          5.747432416          1.812382248            10.974777         -4.198611703         0.6571351071          0.702475281                    0                    0                    0                    0         -3.012539631         0.8597913965                    0                    0                    0                    0                    0                    0                    0                    0                    0                    0                    0                    0                    0                    0                    0                    0
  "BR3.BPM4L3"                            3            "monitor"            34.920312          5.486169411           1.71161745          11.44802997         -4.363535476         0.9191703879         0.9650319027                    0                    0                    0                    0         -2.861566419         0.8305638296                    0                    0                    0                    0                    0                    0                    0                    0                    0                    0                    0                    0                    0                    0                    0                    0
  "BR3.BPM5L3"                            4            "monitor"            44.737806          5.731259811          1.813289113          11.01260697         -4.220114385          1.177746585           1.23067211                    0                    0                    0                    0         -2.769807716         0.7737050874                    0                    0                    0                    0                    0                    0                    0                    0                    0                    0                    0                    0                    0                    0                    0                    0
  "BR3.BPM6L3"                            5            "monitor"            54.555311          5.506643478          1.712493601          11.39709279           -4.3377175          1.440698312          1.492159608                    0                    0                    0                    0          -2.93291986         0.8104592883                    0                    0                    0                    0                    0                    0                    0                    0                    0                    0                    0                    0                    0                    0                    0                    0
  "BR3.BPM7L3"                            6            "monitor"            64.372816          5.706817236          1.810639988          11.07517895         -4.249483364           1.69843194          1.758739746                    0                    0                    0                    0         -3.003086348         0.8624526137                    0                    0                    0                    0                    0                    0                    0                    0                    0                    0                    0                    0                    0                    0                    0                    0
  "BR3.BPM8L3"                            7            "monitor"            74.190321           5.53452349          1.716848014          11.32501136         -4.305729697          1.962131668          2.019435955                    0                    0                    0                    0         -2.830677822         0.8188158448                    0                    0                    0                    0                    0                    0                    0                    0                    0                    0                    0                    0                    0                    0                    0                    0
  "BR3.BPM9L3"                            8            "monitor"            84.007826           5.67584799           1.80462746          11.15494252         -4.283196634          2.219218467          2.286626084                    0                    0                    0                    0          -2.78332566         0.7725989518                    0                    0                    0                    0                    0                    0                    0                    0                    0                    0                    0                    0                    0                    0                    0                    0
  "BR3.BPM10L3"                           9            "monitor"             93.82532          5.567936814          1.724392005          11.24021007         -4.271354314          2.483445635          2.546903834                    0                    0                    0                    0         -2.962002462         0.8223537699                    0                    0                    0                    0                    0                    0                    0                    0                    0                    0                    0                    0                    0                    0                    0                    0
  "BR3.BPM11L3"                          10            "monitor"           103.642825          5.640550464          1.795678872          11.24229214         -4.317212859          2.740127074          2.814302194                    0                    0                    0                    0         -2.985694436         0.8619842749                    0                    0                    0                    0                    0                    0                    0                    0                    0                    0                    0                    0                    0                    0                    0                    0
  "BR3.BPM12L3"                          11            "monitor"            113.46033           5.60447609          1.734583439          11.15299834         -4.238731967          3.004625627          3.074585119                    0                    0                    0                    0         -2.803881957         0.8069834228                    0                    0                    0                    0                    0                    0                    0                    0                    0                    0                    0                    0                    0                    0                    0                    0
  "BR3.BPM13L3"                          12            "monitor"           123.277835          5.603309074          1.784402298             11.32699         -4.347510012          3.261171626          3.341765436                    0                    0                    0                    0          -2.80424903         0.7746336758                    0                    0                    0                    0                    0                    0                    0                    0                    0                    0                    0                    0                    0                    0                    0                    0
  "BR3.BPM14L3"                          13            "monitor"           133.095339          5.641630101          1.746719127          11.07369291         -4.211737848          3.525665861          3.602476082                    0                    0                    0                    0         -2.986004463         0.8339168401                    0                    0                    0                    0                    0                    0                    0                    0                    0                    0                    0                    0                    0                    0                    0                    0
  "BR3.BPM15L3"                          14            "monitor"           142.912834          5.566799041          1.771600623          11.39874606         -4.370435274          3.782355572          3.869037614                    0                    0                    0                    0         -2.961577151         0.8584189518                    0                    0                    0                    0                    0                    0                    0                    0                    0                    0                    0                    0                    0                    0                    0                    0
  "BR3.BPM16L3"                          15            "monitor"           152.730339           5.67683198          1.759957472          11.01170251         -4.193582535          4.046570483          4.130547248                    0                    0                    0                    0         -2.783048322         0.7958922421                    0                    0                    0                    0                    0                    0                    0                    0                    0                    0                    0                    0                    0                    0                    0                    0
