@ NAME                 %s               "PSB3"
@ TYPE                 %s              "twiss"
@ TITLE                %n                  nil
@ ORIGIN               %s "MAD 1.1.15 Linux 64"
@ DATE                 %s           "14/09/26"
@ TIME                 %s           "10:22:07"
@ REFCOL               %s               "name"
@ DIRECTION            %le                    1
@ OBSERVE              %le                    1
@ ENERGY               %le          1.098272088
@ DELTAP               %le                    0
@ LENGTH               %le               157.08
@ ALFAP                %le         0.0652588018
@ Q1                   %le          4.168668957
@ Q2                   %le          4.221052512
@ Q3                   %le                    0
@ DQ1                  %le         -6.446467748
@ DQ2                  %le         -12.95707443
@ DQ3                  %le                    0
* NAME                                INDEX                 KIND                    S                 BETX                 ALFX                 BETY                 ALFY                  MUX                  MUY                    X                   PX                    Y                   PY                   DX                  DPX                   DY                  DPY                  R11                  R12                  R21                  R22                  K1L                  K2L                  K3L                  K4L                  K5L                 K1SL                 K2SL                 K3SL                 K4SL                 K5SL
$ %s                                     %d                   %s                  %le                  %le                  %le                  %le                  %le                  %le                  %le                  %le                  %le                  %le                  %le                  %le                  %le                  %le                  %le                  %le                  %le                  %le                  %le                  %le                  %le                  %le                  %le                  %le                  %le                  %le                  %le                  %le                  %le
  "BR3.BPM1L3"                            0            "monitor"             5.467797          5.611583591          1.761901159          11.21616557         -4.284748027         0.1393284858         0.1717482403                    0                    0                    0                    0         -2.889343558         0.8176059039                    0                    0                    0                    0                    0                    0                    0                    0                    0                    0                    0                    0                    0                    0                    0                    0
  "BR3.BPM2L3"                            1            "monitor"            15.285302          5.611565972          1.761897502          11.21620915          -4.28475688         0.3998704375         0.4355640887                    0                    0                    0                    0         -2.889339297           0.81760574                    0                    0                    0                    0                    0                    0                    0                    0                    0                    0                    0                    0                    0                    0                    0                    0
  "BR3.BPM3L3"                            2            "monitor"            25.102807          5.611548353          1.761893845          11.21625153         -4.284765377         0.6604123891         0.6993799461                    0                    0                    0                    0         -2.889335684         0.8176058454                    0                    0                    0                    0                    0                    0                    0                    0                    0                    0                    0                    0                    0                    0                    0                    0
  "BR3.BPM4L3"                            3            "monitor"            34.920312          5.611530734          1.761890188           11.2162946         -4.284774063         0.9209543408         0.9631957965                    0                    0                    0                    0          -2.88933196         0.8176060671                    0                    0                    0                    0                    0                    0                    0                    0                    0                    0                    0                    0                    0                    0                    0                    0
  "BR3.BPM5L3"                            4            "monitor"            44.737806          5.611551877          1.761894576          11.21624302         -4.284763679           1.18149598          1.227011496                    0                    0                    0                    0         -2.889336239          0.817605928                    0                    0                    0                    0                    0                    0                    0                    0                    0                    0                    0                    0                    0                    0                    0                    0
  "BR3.BPM6L3"                            5            "monitor"            54.555311          5.611534258          1.761890919          11.21628611         -4.284772342          1.442037932          1.490827345                    0                    0                    0                    0          -2.88933172         0.8176056574                    0                    0                    0                    0                    0                    0                    0                    0                    0                    0                    0                    0                    0                    0                    0                    0
  "BR3.BPM7L3"                            6            "monitor"            64.372816          5.611516639          1.761887262           11.2163287         -4.284780914          1.702579884          1.754643201                    0                    0                    0                    0         -2.889328268         0.8176057692                    0                    0                    0                    0                    0                    0                    0                    0                    0                    0                    0                    0                    0                    0                    0                    0
  "BR3.BPM8L3"                            7            "monitor"            74.190321           5.61149902          1.761883605          11.21637158         -4.284789535          1.963121835          2.018459052                    0                    0                    0                    0          -2.88932478         0.8176060967                    0                    0                    0                    0                    0                    0                    0                    0                    0                    0                    0                    0                    0                    0                    0                    0
  "BR3.BPM9L3"                            8            "monitor"            84.007826          5.611481401          1.761879948          11.21641444         -4.284798189          2.223663787          2.282274906                    0                    0                    0                    0         -2.889319873         0.8176059372                    0                    0                    0                    0                    0                    0                    0                    0                    0                    0                    0                    0                    0                    0                    0                    0
  "BR3.BPM10L3"                           9            "monitor"             93.82532          5.611502544          1.761884337           11.2163631         -4.284787866          2.484205427          2.546090602                    0                    0                    0                    0         -2.889324438         0.8176056982                    0                    0                    0                    0                    0                    0                    0                    0                    0                    0                    0                    0                    0                    0                    0                    0
  "BR3.BPM11L3"                          10            "monitor"           103.642825          5.611484925           1.76188068          11.21640573         -4.284796392          2.744747378          2.809906453                    0                    0                    0                    0          -2.88932096         0.8176058177                    0                    0                    0                    0                    0                    0                    0                    0                    0                    0                    0                    0                    0                    0                    0                    0
  "BR3.BPM12L3"                          11            "monitor"            113.46033          5.611467306          1.761877023          11.21644897          -4.28480521           3.00528933          3.073722309                    0                    0                    0                    0         -2.889317386         0.8176061126                    0                    0                    0                    0                    0                    0                    0                    0                    0                    0                    0                    0                    0                    0                    0                    0
  "BR3.BPM13L3"                          12            "monitor"           123.277835          5.611449688          1.761873366          11.21649136         -4.284813631          3.265831282          3.337538159                    0                    0                    0                    0         -2.889312516         0.8176059498                    0                    0                    0                    0                    0                    0                    0                    0                    0                    0                    0                    0                    0                    0                    0                    0
  "BR3.BPM14L3"                          13            "monitor"           133.095339          5.611435593           1.76187044          11.21652615         -4.284820758          3.526373205             3.601354                    0                    0                    0                    0         -2.889308835         0.8176056764                    0                    0                    0                    0                    0                    0                    0                    0                    0                    0                    0                    0                    0                    0                    0                    0
  "BR3.BPM15L3"                          14            "monitor"           142.912834          5.611453211          1.761874097          11.21648275         -4.284811898          3.786914873           3.86516971                    0                    0                    0                    0         -2.889313759         0.8176058754                    0                    0                    0                    0                    0                    0                    0                    0                    0                    0                    0                    0                    0                    0                    0                    0
  "BR3.BPM16L3"                          15            "monitor"           152.730339          5.611435593           1.76187044          11.21652632         -4.284820792          4.047456825          4.128985562                    0                    0                    0                    0         -2.889309821          0.817606055                    0                    0                    0                    0                    0                    0                    0                    0                    0                    0                    0                    0                    0                    0                    0                    0
