@ NAME                 %s               "PSB3"
@ TYPE                 %s              "twiss"
@ TITLE                %n                  nil
@ ORIGIN               %s "MAD 1.1.14 Linux 64"
@ DATE                 %s           "31/08/26"
@ TIME                 %s           "03:07:16"
@ REFCOL               %s               "name"
@ DIRECTION            %le                    1
@ OBSERVE              %le                    1
@ ENERGY               %le          1.098272088
@ DELTAP               %le                    0
@ LENGTH               %le               157.08
@ ALFAP                %le        0.06484240358
@ Q1                   %le          4.165199972
@ Q2                   %le          4.224599962
@ Q3                   %le                    0
@ DQ1                  %le         -6.447637887
@ DQ2                  %le         -13.00393847
@ DQ3                  %le                    0
* NAME                                INDEX                 KIND                    S                 BETX                 ALFX                 BETY                 ALFY                  MUX                  MUY                    X                   PX                    Y                   PY                   DX                  DPX                   DY                  DPY                  R11                  R12                  R21                  R22                  K1L                  K2L                  K3L                  K4L                  K5L                 K1SL                 K2SL                 K3SL                 K4SL                 K5SL
$ %s                                     %d                   %s                  %le                  %le                  %le                  %le                  %le                  %le                  %le                  %le                  %le                  %le                  %le                  %le                  %le                  %le                  %le                  %le                  %le                  %le                  %le                  %le                  %le                  %le                  %le                  %le                  %le                  %le                  %le                  %le                  %le
  "BR3.BPM1L3"                            0            "monitor"             5.467797           5.53367039          1.758169209          11.44841645         -4.382991969         0.1384726914         0.1715610268                    0                    0                    0                    0         -2.831146221         0.7796575179                    0                    0                    0                    0                    0                    0                    0                    0                    0                    0                    0                    0                    0                    0                    0                    0
  "BR3.BPM2L3"                            1            "monitor"            15.285302          5.707740899          1.773378305          10.97385102         -4.186179143         0.4021524658         0.4341447663                    0                    0                    0                    0         -3.003306752         0.8443314129                    0                    0                    0                    0                    0                    0                    0                    0                    0                    0                    0                    0                    0                    0                    0                    0
  "BR3.BPM3L3"                            2            "monitor"            25.102807          5.747447969          1.812365308          10.97443471         -4.198404753         0.6571353411         0.7024742573                    0                    0                    0                    0         -3.012540707         0.8597810319                    0                    0                    0                    0                    0                    0                    0                    0                    0                    0                    0                    0                    0                    0                    0                    0
  "BR3.BPM4L3"                            3            "monitor"            34.920312          5.486184475          1.711601239          11.44767389         -4.363320201         0.9191706291         0.9650308943                    0                    0                    0                    0         -2.861567223         0.8305538913                    0                    0                    0                    0                    0                    0                    0                    0                    0                    0                    0                    0                    0                    0                    0                    0
  "BR3.BPM5L3"                            4            "monitor"            44.737806          5.731275242          1.813272188          11.01226308         -4.219906578          1.177746816          1.230671083                    0                    0                    0                    0         -2.769808612         0.7736955565                    0                    0                    0                    0                    0                    0                    0                    0                    0                    0                    0                    0                    0                    0                    0                    0
  "BR3.BPM6L3"                            5            "monitor"            54.555311          5.506658668          1.712477361          11.39673869         -4.337503309          1.440698549          1.492158593                    0                    0                    0                    0         -2.932921014         0.8104492759                    0                    0                    0                    0                    0                    0                    0                    0                    0                    0                    0                    0                    0                    0                    0                    0
  "BR3.BPM7L3"                            6            "monitor"            64.372816          5.706832537          1.810623106          11.07483277         -4.249274279          1.698432169          1.758738716                    0                    0                    0                    0         -3.003087379         0.8624422585                    0                    0                    0                    0                    0                    0                    0                    0                    0                    0                    0                    0                    0                    0                    0                    0
  "BR3.BPM8L3"                            7            "monitor"            74.190321          5.534538812           1.71683172          11.32465978         -4.305516936          1.962131901          2.019434932                    0                    0                    0                    0         -2.830678613         0.8188060176                    0                    0                    0                    0                    0                    0                    0                    0                    0                    0                    0                    0                    0                    0                    0                    0
  "BR3.BPM9L3"                            8            "monitor"            84.007826          5.675863163          1.804610642          11.15459365         -4.282986005          2.219218693          2.286625053                    0                    0                    0                    0         -2.783326602         0.7725893967                    0                    0                    0                    0                    0                    0                    0                    0                    0                    0                    0                    0                    0                    0                    0                    0
  "BR3.BPM10L3"                           9            "monitor"             93.82532          5.567952262          1.724375637          11.23986127          -4.27114316          2.483445863          2.546902803                    0                    0                    0                    0         -2.962003623         0.8223436497                    0                    0                    0                    0                    0                    0                    0                    0                    0                    0                    0                    0                    0                    0                    0                    0
  "BR3.BPM11L3"                          10            "monitor"           103.642825          5.640565516          1.795662137          11.24194049         -4.317000608          2.740127298          2.814301161                    0                    0                    0                    0         -2.985695421         0.8619739586                    0                    0                    0                    0                    0                    0                    0                    0                    0                    0                    0                    0                    0                    0                    0                    0
  "BR3.BPM12L3"                          11            "monitor"            113.46033          5.604491651          1.734566982          11.15265222           -4.2385224           3.00462585           3.07458408                    0                    0                    0                    0         -2.803882747         0.8069736983                    0                    0                    0                    0                    0                    0                    0                    0                    0                    0                    0                    0                    0                    0                    0                    0
  "BR3.BPM13L3"                          12            "monitor"           123.277835          5.603324022          1.784385657          11.32663583         -4.347296253          3.261171847          3.341764402                    0                    0                    0                    0         -2.804250019         0.7746240679                    0                    0                    0                    0                    0                    0                    0                    0                    0                    0                    0                    0                    0                    0                    0                    0
  "BR3.BPM14L3"                          13            "monitor"           133.095339          5.641645755          1.746702571          11.07334906         -4.211529661          3.525666079          3.602475035                    0                    0                    0                    0          -2.98600562         0.8339066242                    0                    0                    0                    0                    0                    0                    0                    0                    0                    0                    0                    0                    0                    0                    0                    0
  "BR3.BPM15L3"                          14            "monitor"           142.912834          5.566813907          1.771584082          11.39838993         -4.370220303          3.782355791          3.869036578                    0                    0                    0                    0         -2.961578092         0.8584087011                    0                    0                    0                    0                    0                    0                    0                    0                    0                    0                    0                    0                    0                    0                    0                    0
  "BR3.BPM16L3"                          15            "monitor"           152.730339          5.676847703          1.759940817          11.01136026         -4.193375353          4.046570697          4.130546194                    0                    0                    0                    0         -2.783049122         0.7958826046                    0                    0                    0                    0                    0                    0                    0                    0                    0                    0                    0                    0                    0                    0                    0                    0
