@ NAME                 %s               "PSB3"
@ TYPE                 %s              "twiss"
@ TITLE                %n                  nil
@ ORIGIN               %s "MAD 1.1.14 Linux 64"
@ DATE                 %s           "31/08/26"
@ TIME                 %s           "03:07:15"
@ REFCOL               %s               "name"
@ DIRECTION            %le                    1
@ OBSERVE              %le                    1
@ ENERGY               %le          1.098272088
@ DELTAP               %le                    0
@ LENGTH               %le               157.08
@ ALFAP                %le        0.06525868921
@ Q1                   %le          4.168668929
@ Q2                   %le          4.221052473
@ Q3                   %le                    0
@ DQ1                  %le         -6.446414205
@ DQ2                  %le         -13.01279606
@ DQ3                  %le                    0
* NAME                                INDEX                 KIND                    S                 BETX                 ALFX                 BETY                 ALFY                  MUX                  MUY                    X                   PX                    Y                   PY                   DX                  DPX                   DY                  DPY                  R11                  R12                  R21                  R22                  K1L                  K2L                  K3L                  K4L                  K5L                 K1SL                 K2SL                 K3SL                 K4SL                 K5SL
$ %s                                     %d                   %s                  %le                  %le                  %le                  %le                  %le                  %le                  %le                  %le                  %le                  %le                  %le                  %le                  %le                  %le                  %le                  %le                  %le                  %le                  %le                  %le                  %le                  %le                  %le                  %le                  %le                  %le                  %le                  %le                  %le
  "BR3.BPM1L3"                            0            "monitor"             5.467797          5.611598864           1.76188459          11.21581613         -4.284536786         0.1393287297         0.1717472413                    0                    0                    0                    0         -2.889344533         0.8175959567                    0                    0                    0                    0                    0                    0                    0                    0                    0                    0                    0                    0                    0                    0                    0                    0
  "BR3.BPM2L3"                            1            "monitor"            15.285302          5.611581245          1.761880933          11.21585971         -4.284545638         0.3998706795         0.4355630873                    0                    0                    0                    0         -2.889340272         0.8175957927                    0                    0                    0                    0                    0                    0                    0                    0                    0                    0                    0                    0                    0                    0                    0                    0
  "BR3.BPM3L3"                            2            "monitor"            25.102807          5.611563626          1.761877276          11.21590209         -4.284554135         0.6604126294         0.6993789423                    0                    0                    0                    0         -2.889336659         0.8175958982                    0                    0                    0                    0                    0                    0                    0                    0                    0                    0                    0                    0                    0                    0                    0                    0
  "BR3.BPM4L3"                            3            "monitor"            34.920312          5.611546007          1.761873619          11.21594516          -4.28456282         0.9209545793         0.9631947903                    0                    0                    0                    0         -2.889332935         0.8175961199                    0                    0                    0                    0                    0                    0                    0                    0                    0                    0                    0                    0                    0                    0                    0                    0
  "BR3.BPM5L3"                            4            "monitor"            44.737806           5.61156715          1.761878008          11.21589358         -4.284552437          1.181496217          1.227010487                    0                    0                    0                    0         -2.889337214         0.8175959808                    0                    0                    0                    0                    0                    0                    0                    0                    0                    0                    0                    0                    0                    0                    0                    0
  "BR3.BPM6L3"                            5            "monitor"            54.555311          5.611549531          1.761874351          11.21593667         -4.284561099          1.442038167          1.490826334                    0                    0                    0                    0         -2.889332695         0.8175957101                    0                    0                    0                    0                    0                    0                    0                    0                    0                    0                    0                    0                    0                    0                    0                    0
  "BR3.BPM7L3"                            6            "monitor"            64.372816          5.611531912          1.761870694          11.21597926          -4.28456967          1.702580117          1.754642188                    0                    0                    0                    0         -2.889329243          0.817595822                    0                    0                    0                    0                    0                    0                    0                    0                    0                    0                    0                    0                    0                    0                    0                    0
  "BR3.BPM8L3"                            7            "monitor"            74.190321          5.611514294          1.761867037          11.21602214         -4.284578291          1.963122067          2.018458036                    0                    0                    0                    0         -2.889325755         0.8175961495                    0                    0                    0                    0                    0                    0                    0                    0                    0                    0                    0                    0                    0                    0                    0                    0
  "BR3.BPM9L3"                            8            "monitor"            84.007826          5.611496675           1.76186338          11.21606499         -4.284586945          2.223664017          2.282273887                    0                    0                    0                    0         -2.889320849           0.81759599                    0                    0                    0                    0                    0                    0                    0                    0                    0                    0                    0                    0                    0                    0                    0                    0
  "BR3.BPM10L3"                           9            "monitor"             93.82532          5.611517818          1.761867768          11.21601366         -4.284576622          2.484205655          2.546089582                    0                    0                    0                    0         -2.889325413         0.8175957509                    0                    0                    0                    0                    0                    0                    0                    0                    0                    0                    0                    0                    0                    0                    0                    0
  "BR3.BPM11L3"                          10            "monitor"           103.642825          5.611500199          1.761864111          11.21605629         -4.284585148          2.744747605           2.80990543                    0                    0                    0                    0         -2.889321935         0.8175958704                    0                    0                    0                    0                    0                    0                    0                    0                    0                    0                    0                    0                    0                    0                    0                    0
  "BR3.BPM12L3"                          11            "monitor"            113.46033           5.61148258          1.761860454          11.21609952         -4.284593965          3.005289555          3.073721283                    0                    0                    0                    0         -2.889318361         0.8175961653                    0                    0                    0                    0                    0                    0                    0                    0                    0                    0                    0                    0                    0                    0                    0                    0
  "BR3.BPM13L3"                          12            "monitor"           123.277835          5.611464962          1.761856797          11.21614191         -4.284602386          3.265831504          3.337537131                    0                    0                    0                    0         -2.889313492         0.8175960025                    0                    0                    0                    0                    0                    0                    0                    0                    0                    0                    0                    0                    0                    0                    0                    0
  "BR3.BPM14L3"                          13            "monitor"           133.095339          5.611450867          1.761853872           11.2161767         -4.284609512          3.526373426           3.60135297                    0                    0                    0                    0         -2.889309811         0.8175957292                    0                    0                    0                    0                    0                    0                    0                    0                    0                    0                    0                    0                    0                    0                    0                    0
  "BR3.BPM15L3"                          14            "monitor"           142.912834          5.611468485          1.761857529           11.2161333         -4.284600652          3.786915092          3.865168677                    0                    0                    0                    0         -2.889314735         0.8175959282                    0                    0                    0                    0                    0                    0                    0                    0                    0                    0                    0                    0                    0                    0                    0                    0
  "BR3.BPM16L3"                          15            "monitor"           152.730339          5.611450867          1.761853872          11.21617687         -4.284609546          4.047457042          4.128984527                    0                    0                    0                    0         -2.889310796         0.8175961078                    0                    0                    0                    0                    0                    0                    0                    0                    0                    0                    0                    0                    0                    0                    0                    0
