@ NAME                 %s               "PSB3"
@ TYPE                 %s              "twiss"
@ TITLE                %n                  nil
@ ORIGIN               %s "MAD 1.1.14 Linux 64"
@ DATE                 %s           "31/08/26"
@ TIME                 %s           "03:32:16"
@ REFCOL               %s               "name"
@ DIRECTION            %le                    1
@ OBSERVE              %le                    1
@ ENERGY               %le          1.098272088
@ DELTAP               %le                    0
@ LENGTH               %le               157.08
@ ALFAP                %le        0.06525678782
@ Q1                   %le          4.168740812
@ Q2                   %le          4.220843267
@ Q3                   %le                    0
@ DQ1                  %le         -6.446429143
@ DQ2                  %le         -13.01225509
@ DQ3                  %le                    0
* NAME                                INDEX                 KIND                    S                 BETX                 ALFX                 BETY                 ALFY                  MUX                  MUY                    X                   PX                    Y                   PY                   DX                  DPX                   DY                  DPY                  R11                  R12                  R21                  R22                  K1L                  K2L                  K3L                  K4L                  K5L                 K1SL                 K2SL                 K3SL                 K4SL                 K5SL
$ %s                                     %d                   %s                  %le                  %le                  %le                  %le                  %le                  %le                  %le                  %le                  %le                  %le                  %le                  %le                  %le                  %le                  %le                  %le                  %le                  %le                  %le                  %le                  %le                  %le                  %le                  %le                  %le                  %le                  %le                  %le                  %le
  "BR3.BPM1L3"                            0            "monitor"             5.467797            5.6115485          1.761851789           11.2158486         -4.284475846         0.1393317496         0.1717369585                    0                    0                    0                    0         -2.889253953         0.8175601931                    0                    0                    0                    0                    0                    0                    0                    0                    0                    0                    0                    0                    0                    0                    0                    0
  "BR3.BPM2L3"                            1            "monitor"            15.285302          5.611530882          1.761848132          11.21589218         -4.284484698         0.3998781922         0.4355397291                    0                    0                    0                    0         -2.889249693         0.8175600293                    0                    0                    0                    0                    0                    0                    0                    0                    0                    0                    0                    0                    0                    0                    0                    0
  "BR3.BPM3L3"                            2            "monitor"            25.102807          5.611513263          1.761844475          11.21593455         -4.284493194         0.6604246348         0.6993425088                    0                    0                    0                    0          -2.88924608         0.8175601347                    0                    0                    0                    0                    0                    0                    0                    0                    0                    0                    0                    0                    0                    0                    0                    0
  "BR3.BPM4L3"                            3            "monitor"            34.920312          5.611495645          1.761840818          11.21597762         -4.284501879         0.9209710774         0.9631452814                    0                    0                    0                    0         -2.889242355         0.8175603562                    0                    0                    0                    0                    0                    0                    0                    0                    0                    0                    0                    0                    0                    0                    0                    0
  "BR3.BPM5L3"                            4            "monitor"            44.737806          5.611516787          1.761845206          11.21592605         -4.284491496          1.181517208          1.226947903                    0                    0                    0                    0         -2.889246635         0.8175602172                    0                    0                    0                    0                    0                    0                    0                    0                    0                    0                    0                    0                    0                    0                    0                    0
  "BR3.BPM6L3"                            5            "monitor"            54.555311          5.611499168           1.76184155          11.21596913         -4.284500158          1.442063651          1.490750675                    0                    0                    0                    0         -2.889242116         0.8175599467                    0                    0                    0                    0                    0                    0                    0                    0                    0                    0                    0                    0                    0                    0                    0                    0
  "BR3.BPM7L3"                            6            "monitor"            64.372816           5.61148155          1.761837893          11.21601172         -4.284508729          1.702610093          1.754553453                    0                    0                    0                    0         -2.889238664         0.8175600585                    0                    0                    0                    0                    0                    0                    0                    0                    0                    0                    0                    0                    0                    0                    0                    0
  "BR3.BPM8L3"                            7            "monitor"            74.190321          5.611463932          1.761834236           11.2160546          -4.28451735          1.963156536          2.018356226                    0                    0                    0                    0         -2.889235176         0.8175603859                    0                    0                    0                    0                    0                    0                    0                    0                    0                    0                    0                    0                    0                    0                    0                    0
  "BR3.BPM9L3"                            8            "monitor"            84.007826          5.611446313          1.761830579          11.21609745         -4.284526004          2.223702978          2.282159002                    0                    0                    0                    0          -2.88923027         0.8175602264                    0                    0                    0                    0                    0                    0                    0                    0                    0                    0                    0                    0                    0                    0                    0                    0
  "BR3.BPM10L3"                           9            "monitor"             93.82532          5.611467455          1.761834967          11.21604612         -4.284515681          2.484249109          2.545961621                    0                    0                    0                    0         -2.889234834         0.8175599875                    0                    0                    0                    0                    0                    0                    0                    0                    0                    0                    0                    0                    0                    0                    0                    0
  "BR3.BPM11L3"                          10            "monitor"           103.642825          5.611449837           1.76183131          11.21608875         -4.284524206          2.744795552          2.809764393                    0                    0                    0                    0         -2.889231356         0.8175601069                    0                    0                    0                    0                    0                    0                    0                    0                    0                    0                    0                    0                    0                    0                    0                    0
  "BR3.BPM12L3"                          11            "monitor"            113.46033          5.611432219          1.761827654          11.21613198         -4.284533023          3.005341994          3.073567172                    0                    0                    0                    0         -2.889227783         0.8175604017                    0                    0                    0                    0                    0                    0                    0                    0                    0                    0                    0                    0                    0                    0                    0                    0
  "BR3.BPM13L3"                          12            "monitor"           123.277835            5.6114146          1.761823997          11.21617437         -4.284541444          3.265888437          3.337369944                    0                    0                    0                    0         -2.889222913          0.817560239                    0                    0                    0                    0                    0                    0                    0                    0                    0                    0                    0                    0                    0                    0                    0                    0
  "BR3.BPM14L3"                          13            "monitor"           133.095339          5.611400506          1.761821071          11.21620916          -4.28454857          3.526434851          3.601172707                    0                    0                    0                    0         -2.889219233         0.8175599657                    0                    0                    0                    0                    0                    0                    0                    0                    0                    0                    0                    0                    0                    0                    0                    0
  "BR3.BPM15L3"                          14            "monitor"           142.912834          5.611418124          1.761824728          11.21616576          -4.28453971           3.78698101          3.864975339                    0                    0                    0                    0         -2.889224156         0.8175601646                    0                    0                    0                    0                    0                    0                    0                    0                    0                    0                    0                    0                    0                    0                    0                    0
  "BR3.BPM16L3"                          15            "monitor"           152.730339          5.611400506          1.761821071          11.21620933         -4.284548604          4.047527452          4.128778114                    0                    0                    0                    0         -2.889220218         0.8175603442                    0                    0                    0                    0                    0                    0                    0                    0                    0                    0                    0                    0                    0                    0                    0                    0
