@ NAME                 %s               "PSB3"
@ TYPE                 %s              "twiss"
@ TITLE                %n                  nil
@ ORIGIN               %s "MAD 1.1.14 Linux 64"
@ DATE                 %s           "31/08/26"
@ TIME                 %s           "03:32:17"
@ REFCOL               %s               "name"
@ DIRECTION            %le                    1
@ OBSERVE              %le                    1
@ ENERGY               %le          1.098272088
@ DELTAP               %le                    0
@ LENGTH               %le               157.08
@ ALFAP                %le        0.06483228663
@ Q1                   %le          4.165199972
@ Q2                   %le          4.224299962
@ Q3                   %le                    0
@ DQ1                  %le         -6.447719602
@ DQ2                  %le         -13.00353001
@ DQ3                  %le                    0
* NAME                                INDEX                 KIND                    S                 BETX                 ALFX                 BETY                 ALFY                  MUX                  MUY                    X                   PX                    Y                   PY                   DX                  DPX                   DY                  DPY                  R11                  R12                  R21                  R22                  K1L                  K2L                  K3L                  K4L                  K5L                 K1SL                 K2SL                 K3SL                 K4SL                 K5SL
$ %s                                     %d                   %s                  %le                  %le                  %le                  %le                  %le                  %le                  %le                  %le                  %le                  %le                  %le                  %le                  %le                  %le                  %le                  %le                  %le                  %le                  %le                  %le                  %le                  %le                  %le                  %le                  %le                  %le                  %le                  %le                  %le
  "BR3.BPM1L3"                            0            "monitor"             5.467797          5.532009452          1.758053042          11.44237402         -4.380387229         0.1384586745          0.171559004                    0                    0                    0                    0         -2.829856631         0.7788312106                    0                    0                    0                    0                    0                    0                    0                    0                    0                    0                    0                    0                    0                    0                    0                    0
  "BR3.BPM2L3"                            1            "monitor"            15.285302          5.709752684          1.773614927          10.98002234           -4.1885883         0.4022065323         0.4341569884                    0                    0                    0                    0          -3.00561559         0.8448633601                    0                    0                    0                    0                    0                    0                    0                    0                    0                    0                    0                    0                    0                    0                    0                    0
  "BR3.BPM3L3"                            2            "monitor"            25.102807          5.750251154          1.813378833          10.98059347         -4.200557277         0.6570807902         0.7023620907                    0                    0                    0                    0         -3.015036414         0.8606255998                    0                    0                    0                    0                    0                    0                    0                    0                    0                    0                    0                    0                    0                    0                    0                    0
  "BR3.BPM4L3"                            3            "monitor"            34.920312          5.483567775           1.71054681          11.44165357         -4.361171858         0.9191498808         0.9649337316                    0                    0                    0                    0         -2.860917528         0.8307980533                    0                    0                    0                    0                    0                    0                    0                    0                    0                    0                    0                    0                    0                    0                    0                    0
  "BR3.BPM5L3"                            4            "monitor"            44.737806          5.733751012          1.814309895          11.01751051          -4.22152225           1.17769133          1.230517539                    0                    0                    0                    0         -2.767207354         0.7727416606                    0                    0                    0                    0                    0                    0                    0                    0                    0                    0                    0                    0                    0                    0                    0                    0
  "BR3.BPM6L3"                            5            "monitor"            54.555311          5.504462353           1.71143696          11.39199254         -4.336012912          1.440696277          1.492048746                    0                    0                    0                    0         -2.933728777         0.8102576498                    0                    0                    0                    0                    0                    0                    0                    0                    0                    0                    0                    0                    0                    0                    0                    0
  "BR3.BPM7L3"                            6            "monitor"            64.372816           5.70880261          1.811608831          11.07848435         -4.250132124          1.698377225          1.758547265                    0                    0                    0                    0         -3.005386045         0.8633456711                    0                    0                    0                    0                    0                    0                    0                    0                    0                    0                    0                    0                    0                    0                    0                    0
  "BR3.BPM8L3"                            7            "monitor"            74.190321          5.532924249            1.7158803          11.32177978         -4.304859843          1.962146022           2.01930859                    0                    0                    0                    0         -2.829366871         0.8187992136                    0                    0                    0                    0                    0                    0                    0                    0                    0                    0                    0                    0                    0                    0                    0                    0
  "BR3.BPM9L3"                            8            "monitor"            84.007826          5.677186048          1.805472014          11.15616887         -4.282961888          2.219166373           2.28640066                    0                    0                    0                    0         -2.781011812         0.7716105536                    0                    0                    0                    0                    0                    0                    0                    0                    0                    0                    0                    0                    0                    0                    0                    0
  "BR3.BPM10L3"                           9            "monitor"             93.82532          5.567038493          1.723581669          11.23920098         -4.271388303          2.483473767          2.546754888                    0                    0                    0                    0         -2.963434735         0.8224063557                    0                    0                    0                    0                    0                    0                    0                    0                    0                    0                    0                    0                    0                    0                    0                    0
  "BR3.BPM11L3"                          10            "monitor"           103.642825          5.641146771          1.796335827          11.24122407         -4.316083005          2.740080164          2.814049573                    0                    0                    0                    0          -2.98762344         0.8628679666                    0                    0                    0                    0                    0                    0                    0                    0                    0                    0                    0                    0                    0                    0                    0                    0
  "BR3.BPM12L3"                          11            "monitor"            113.46033          5.604346831          1.733987502          11.15428179         -4.239623539          3.004664614          3.074408827                    0                    0                    0                    0         -2.801997723          0.806713834                    0                    0                    0                    0                    0                    0                    0                    0                    0                    0                    0                    0                    0                    0                    0                    0
  "BR3.BPM13L3"                          12            "monitor"           123.277835          5.603123062           1.78482197            11.323705         -4.345587685          3.261132781          3.341491375                    0                    0                    0                    0         -2.802383306         0.7736888092                    0                    0                    0                    0                    0                    0                    0                    0                    0                    0                    0                    0                    0                    0                    0                    0
  "BR3.BPM14L3"                          13            "monitor"           133.095339          5.642282144          1.746379027          11.07704632         -4.213331275            3.5257127          3.602266707                    0                    0                    0                    0         -2.987949493         0.8342165039                    0                    0                    0                    0                    0                    0                    0                    0                    0                    0                    0                    0                    0                    0                    0                    0
  "BR3.BPM15L3"                          14            "monitor"           142.912834          5.565847006          1.771750574          11.39360471          -4.36792431          3.782327796          3.868747166                    0                    0                    0                    0         -2.962988775         0.8592257397                    0                    0                    0                    0                    0                    0                    0                    0                    0                    0                    0                    0                    0                    0                    0                    0
  "BR3.BPM16L3"                          15            "monitor"           152.730339          5.678220796          1.759896058          11.01663891         -4.195632423          4.046622308          4.130299854                    0                    0                    0                    0         -2.780721207         0.7953859606                    0                    0                    0                    0                    0                    0                    0                    0                    0                    0                    0                    0                    0                    0                    0                    0
