@ NAME                 %s               "PSB3"
@ TYPE                 %s              "twiss"
@ TITLE                %n                  nil
@ ORIGIN               %s "MAD 1.1.14 Linux 64"
@ DATE                 %s           "31/08/26"
@ TIME                 %s           "03:22:42"
@ REFCOL               %s               "name"
@ DIRECTION            %le                    1
@ OBSERVE              %le                    1
@ ENERGY               %le          1.098272088
@ DELTAP               %le                    0
@ LENGTH               %le               157.08
@ ALFAP                %le        0.06516278833
@ Q1                   %le          4.172847394
@ Q2                   %le          4.229230632
@ Q3                   %le                    0
@ DQ1                  %le         -6.455062151
@ DQ2                  %le         -13.05262249
@ DQ3                  %le                    0
* NAME                                INDEX                 KIND                    S                 BETX                 ALFX                 BETY                 ALFY                  MUX                  MUY                    X                   PX                    Y                   PY                   DX                  DPX                   DY                  DPY                  R11                  R12                  R21                  R22                  K1L                  K2L                  K3L                  K4L                  K5L                 K1SL                 K2SL                 K3SL                 K4SL                 K5SL
$ %s                                     %d                   %s                  %le                  %le                  %le                  %le                  %le                  %le                  %le                  %le                  %le                  %le                  %le                  %le                  %le                  %le                  %le                  %le                  %le                  %le                  %le                  %le                  %le                  %le                  %le                  %le                  %le                  %le                  %le                  %le                  %le
  "BR3.BPM1L3"                            0            "monitor"             5.467797          5.606461642           1.76238699          11.21983245         -4.292638047         0.1394686911         0.1721597531                    0                    0                    0                    0         -2.883950833         0.8169647918                    0                    0                    0                    0                    0                    0                    0                    0                    0                    0                    0                    0                    0                    0                    0                    0
  "BR3.BPM2L3"                            1            "monitor"            15.285302          5.606444019          1.762383328          11.21987611         -4.292646927         0.4002717951         0.4364867339                    0                    0                    0                    0         -2.883946585         0.8169646336                    0                    0                    0                    0                    0                    0                    0                    0                    0                    0                    0                    0                    0                    0                    0                    0
  "BR3.BPM3L3"                            2            "monitor"            25.102807          5.606426395          1.762379666          11.21991857         -4.292655455         0.6610748992         0.7008137238                    0                    0                    0                    0         -2.883942957         0.8169647354                    0                    0                    0                    0                    0                    0                    0                    0                    0                    0                    0                    0                    0                    0                    0                    0
  "BR3.BPM4L3"                            3            "monitor"            34.920312          5.606408771          1.762376004          11.21996172         -4.292664163         0.9218780033         0.9651407067                    0                    0                    0                    0         -2.883939227         0.8169649514                    0                    0                    0                    0                    0                    0                    0                    0                    0                    0                    0                    0                    0                    0                    0                    0
  "BR3.BPM5L3"                            4            "monitor"            44.737806          5.606429919          1.762380398          11.21991006         -4.292653752          1.182680795          1.229467539                    0                    0                    0                    0         -2.883943521         0.8169648161                    0                    0                    0                    0                    0                    0                    0                    0                    0                    0                    0                    0                    0                    0                    0                    0
  "BR3.BPM6L3"                            5            "monitor"            54.555311          5.606412296          1.762376737           11.2199532         -4.292662435          1.443483899           1.49379452                    0                    0                    0                    0         -2.883939013          0.816964551                    0                    0                    0                    0                    0                    0                    0                    0                    0                    0                    0                    0                    0                    0                    0                    0
  "BR3.BPM7L3"                            6            "monitor"            64.372816          5.606394672          1.762373075           11.2199959         -4.292671043          1.704287003          1.758121509                    0                    0                    0                    0         -2.883935547          0.816964659                    0                    0                    0                    0                    0                    0                    0                    0                    0                    0                    0                    0                    0                    0                    0                    0
  "BR3.BPM8L3"                            7            "monitor"            74.190321          5.606377048          1.762369413          11.22003883         -4.292679682          1.965090107          2.022448492                    0                    0                    0                    0         -2.883932054         0.8169649812                    0                    0                    0                    0                    0                    0                    0                    0                    0                    0                    0                    0                    0                    0                    0                    0
  "BR3.BPM9L3"                            8            "monitor"            84.007826          5.606359425          1.762365751          11.22008179         -4.292688373          2.225893211          2.286775478                    0                    0                    0                    0         -2.883927167         0.8169648252                    0                    0                    0                    0                    0                    0                    0                    0                    0                    0                    0                    0                    0                    0                    0                    0
  "BR3.BPM10L3"                           9            "monitor"             93.82532          5.606380573          1.762370145          11.22003034         -4.292678008          2.486696003          2.551102308                    0                    0                    0                    0         -2.883931736         0.8169645916                    0                    0                    0                    0                    0                    0                    0                    0                    0                    0                    0                    0                    0                    0                    0                    0
  "BR3.BPM11L3"                          10            "monitor"           103.642825          5.606362949          1.762366483          11.22007307         -4.292686568          2.747499107           2.81542929                    0                    0                    0                    0         -2.883928245         0.8169647076                    0                    0                    0                    0                    0                    0                    0                    0                    0                    0                    0                    0                    0                    0                    0                    0
  "BR3.BPM12L3"                          11            "monitor"            113.46033          5.606345326          1.762362822          11.22011637         -4.292695409          3.008302211          3.079756279                    0                    0                    0                    0         -2.883924666         0.8169649972                    0                    0                    0                    0                    0                    0                    0                    0                    0                    0                    0                    0                    0                    0                    0                    0
  "BR3.BPM13L3"                          12            "monitor"           123.277835          5.606327702           1.76235916          11.22015885          -4.29270386          3.269105315          3.344083262                    0                    0                    0                    0         -2.883919816         0.8169648377                    0                    0                    0                    0                    0                    0                    0                    0                    0                    0                    0                    0                    0                    0                    0                    0
  "BR3.BPM14L3"                          13            "monitor"           133.095339          5.606313603           1.76235623           11.2201937         -4.292711008          3.529908391          3.608410235                    0                    0                    0                    0         -2.883916146         0.8169645697                    0                    0                    0                    0                    0                    0                    0                    0                    0                    0                    0                    0                    0                    0                    0                    0
  "BR3.BPM15L3"                          14            "monitor"           142.912834          5.606331227          1.762359892          11.22015022          -4.29270212          3.790711211          3.872737077                    0                    0                    0                    0         -2.883921051         0.8169647656                    0                    0                    0                    0                    0                    0                    0                    0                    0                    0                    0                    0                    0                    0                    0                    0
  "BR3.BPM16L3"                          15            "monitor"           152.730339          5.606313603           1.76235623          11.22019387         -4.292711043          4.051514315          4.137064062                    0                    0                    0                    0         -2.883917106         0.8169649395                    0                    0                    0                    0                    0                    0                    0                    0                    0                    0                    0                    0                    0                    0                    0                    0
