@ NAME                 %s               "PSB3"
@ TYPE                 %s              "twiss"
@ TITLE                %n                  nil
@ ORIGIN               %s "MAD 1.1.14 Linux 64"
@ DATE                 %s           "31/08/26"
@ TIME                 %s           "03:22:42"
@ REFCOL               %s               "name"
@ DIRECTION            %le                    1
@ OBSERVE              %le                    1
@ ENERGY               %le          1.098272088
@ DELTAP               %le                    0
@ LENGTH               %le               157.08
@ ALFAP                %le        0.06474353688
@ Q1                   %le          4.169299972
@ Q2                   %le          4.232699962
@ Q3                   %le                    0
@ DQ1                  %le         -6.456308807
@ DQ2                  %le         -13.04377394
@ DQ3                  %le                    0
* NAME                                INDEX                 KIND                    S                 BETX                 ALFX                 BETY                 ALFY                  MUX                  MUY                    X                   PX                    Y                   PY                   DX                  DPX                   DY                  DPY                  R11                  R12                  R21                  R22                  K1L                  K2L                  K3L                  K4L                  K5L                 K1SL                 K2SL                 K3SL                 K4SL                 K5SL
$ %s                                     %d                   %s                  %le                  %le                  %le                  %le                  %le                  %le                  %le                  %le                  %le                  %le                  %le                  %le                  %le                  %le                  %le                  %le                  %le                  %le                  %le                  %le                  %le                  %le                  %le                  %le                  %le                  %le                  %le                  %le                  %le
  "BR3.BPM1L3"                            0            "monitor"             5.467797           5.52555824          1.757565324          11.44982275         -4.389102308         0.1386648237         0.1718576624                    0                    0                    0                    0         -2.827008895         0.7793058475                    0                    0                    0                    0                    0                    0                    0                    0                    0                    0                    0                    0                    0                    0                    0                    0
  "BR3.BPM2L3"                            1            "monitor"            15.285302          5.705825663          1.775199738           10.9819474         -4.196910025         0.4025731281         0.4351387672                    0                    0                    0                    0         -2.998333126          0.844129075                    0                    0                    0                    0                    0                    0                    0                    0                    0                    0                    0                    0                    0                    0                    0                    0
  "BR3.BPM3L3"                            2            "monitor"            25.102807          5.744331459          1.813012985          10.98247075         -4.206708309         0.6578030735         0.7037076593                    0                    0                    0                    0         -3.007179658          0.858930319                    0                    0                    0                    0                    0                    0                    0                    0                    0                    0                    0                    0                    0                    0                    0                    0
  "BR3.BPM4L3"                            3            "monitor"            34.920312          5.478883318          1.711786914          11.44909579         -4.371676779         0.9200239697         0.9669591022                    0                    0                    0                    0         -2.857535192         0.8303767646                    0                    0                    0                    0                    0                    0                    0                    0                    0                    0                    0                    0                    0                    0                    0                    0
  "BR3.BPM5L3"                            4            "monitor"            44.737806          5.728399029          1.814248037          11.01722864         -4.227235399          1.178916659          1.232941232                    0                    0                    0                    0         -2.764288469         0.7731799226                    0                    0                    0                    0                    0                    0                    0                    0                    0                    0                    0                    0                    0                    0                    0                    0
  "BR3.BPM6L3"                            5            "monitor"            54.555311           5.49941372          1.712438631          11.40036182         -4.346477338           1.44209441          1.495093935                    0                    0                    0                    0          -2.92657419         0.8094921501                    0                    0                    0                    0                    0                    0                    0                    0                    0                    0                    0                    0                    0                    0                    0                    0
  "BR3.BPM7L3"                            6            "monitor"            64.372816          5.703622596          1.811716224          11.07842255          -4.25630459          1.700106151          1.762046754                    0                    0                    0                    0         -2.997806702         0.8617631823                    0                    0                    0                    0                    0                    0                    0                    0                    0                    0                    0                    0                    0                    0                    0                    0
  "BR3.BPM8L3"                            7            "monitor"            74.190321          5.527877511          1.716782666          11.32893042          -4.31452736          1.964066453          2.023379422                    0                    0                    0                    0         -2.825850233         0.8183604711                    0                    0                    0                    0                    0                    0                    0                    0                    0                    0                    0                    0                    0                    0                    0                    0
  "BR3.BPM9L3"                            8            "monitor"            84.007826          5.671854854          1.805610738          11.15812268         -4.290171114            2.2214015          2.290966094                    0                    0                    0                    0         -2.777935249          0.771977004                    0                    0                    0                    0                    0                    0                    0                    0                    0                    0                    0                    0                    0                    0                    0                    0
  "BR3.BPM10L3"                           9            "monitor"             93.82532           5.56226217          1.724515941           11.2437844         -4.279888891          2.485912843          2.551863236                    0                    0                    0                    0         -2.956391376          0.821671691                    0                    0                    0                    0                    0                    0                    0                    0                    0                    0                    0                    0                    0                    0                    0                    0
  "BR3.BPM11L3"                          10            "monitor"           103.642825          5.635460332          1.796386636          11.24602254         -4.324474111          2.742825656          2.819666689                    0                    0                    0                    0         -2.980091076         0.8613140117                    0                    0                    0                    0                    0                    0                    0                    0                    0                    0                    0                    0                    0                    0                    0                    0
  "BR3.BPM12L3"                          11            "monitor"            113.46033          5.599972934          1.735056189          11.15603224         -4.247042272          3.007617517          3.080569587                    0                    0                    0                    0         -2.798420634         0.8062419233                    0                    0                    0                    0                    0                    0                    0                    0                    0                    0                    0                    0                    0                    0                    0                    0
  "BR3.BPM13L3"                          12            "monitor"           123.277835          5.597026599          1.784703289          11.33103676         -4.354852192          3.264393677          3.348145325                    0                    0                    0                    0         -2.799356027         0.7740701164                    0                    0                    0                    0                    0                    0                    0                    0                    0                    0                    0                    0                    0                    0                    0                    0
  "BR3.BPM14L3"                          13            "monitor"           133.095339          5.638285513          1.747639194          11.07683656         -4.220181819          3.529174303          3.609494049                    0                    0                    0                    0          -2.98089112         0.8335063043                    0                    0                    0                    0                    0                    0                    0                    0                    0                    0                    0                    0                    0                    0                    0                    0
  "BR3.BPM15L3"                          14            "monitor"           142.912834          5.559445689          1.771432613          11.40208155         -4.377372631          3.786109188           3.87642625                    0                    0                    0                    0         -2.955330235         0.8576156037                    0                    0                    0                    0                    0                    0                    0                    0                    0                    0                    0                    0                    0                    0                    0                    0
  "BR3.BPM16L3"                          15            "monitor"           152.730339          5.674418812          1.761348352          11.01629825         -4.202741253          4.050588035          4.138603408                    0                    0                    0                    0         -2.777255518         0.7949089266                    0                    0                    0                    0                    0                    0                    0                    0                    0                    0                    0                    0                    0                    0                    0                    0
