@ NAME                 %s               "PSB3"
@ TYPE                 %s              "twiss"
@ TITLE                %n                  nil
@ ORIGIN               %s "MAD 1.1.15 Linux 64"
@ DATE                 %s           "14/09/26"
@ TIME                 %s           "11:32:33"
@ REFCOL               %s               "name"
@ DIRECTION            %le                    1
@ OBSERVE              %le                    1
@ ENERGY               %le          1.098272088
@ DELTAP               %le                    0
@ LENGTH               %le               157.08
@ ALFAP                %le        0.06335045111
@ Q1                   %le          4.228901827
@ Q2                   %le          4.119953237
@ Q3                   %le                    0
@ DQ1                  %le         -6.488456874
@ DQ2                  %le         -12.77244355
@ DQ3                  %le                    0
* NAME                                INDEX                 KIND                    S                 BETX                 ALFX                 BETY                 ALFY                  MUX                  MUY                    X                   PX                    Y                   PY                   DX                  DPX                   DY                  DPY                  R11                  R12                  R21                  R22                  K1L                  K2L                  K3L                  K4L                  K5L                 K1SL                 K2SL                 K3SL                 K4SL                 K5SL
$ %s                                     %d                   %s                  %le                  %le                  %le                  %le                  %le                  %le                  %le                  %le                  %le                  %le                  %le                  %le                  %le                  %le                  %le                  %le                  %le                  %le                  %le                  %le                  %le                  %le                  %le                  %le                  %le                  %le                  %le                  %le                  %le
  "BR3.BPM1L3"                            0            "monitor"             5.467797          5.562554555          1.743657037          11.25991724         -4.279795677          0.141739805         0.1668548066                    0                    0                    0                    0         -2.814602141         0.7935014041                    0                    0                    0                    0                    0                    0                    0                    0                    0                    0                    0                    0                    0                    0                    0                    0
  "BR3.BPM2L3"                            1            "monitor"            15.285302          5.562537118          1.743653406          11.25996099         -4.279804557         0.4060463122         0.4243519497                    0                    0                    0                    0         -2.814598106         0.7935013056                    0                    0                    0                    0                    0                    0                    0                    0                    0                    0                    0                    0                    0                    0                    0                    0
  "BR3.BPM3L3"                            2            "monitor"            25.102807          5.562519682          1.743649774          11.26000305         -4.279812903         0.6703528194         0.6818491023                    0                    0                    0                    0         -2.814594423         0.7935013687                    0                    0                    0                    0                    0                    0                    0                    0                    0                    0                    0                    0                    0                    0                    0                    0
  "BR3.BPM4L3"                            3            "monitor"            34.920312          5.562502245          1.743646142          11.26004639          -4.27982165         0.9346593267         0.9393462476                    0                    0                    0                    0         -2.814590724         0.7935015268                    0                    0                    0                    0                    0                    0                    0                    0                    0                    0                    0                    0                    0                    0                    0                    0
  "BR3.BPM5L3"                            4            "monitor"            44.737806          5.562523169            1.7436505          11.25999453         -4.279811206          1.198965519          1.196843243                    0                    0                    0                    0         -2.814595051         0.7935014322                    0                    0                    0                    0                    0                    0                    0                    0                    0                    0                    0                    0                    0                    0                    0                    0
  "BR3.BPM6L3"                            5            "monitor"            54.555311          5.562505733          1.743646869          11.26003793          -4.27981995          1.463272026          1.454340387                    0                    0                    0                    0         -2.814590743         0.7935012233                    0                    0                    0                    0                    0                    0                    0                    0                    0                    0                    0                    0                    0                    0                    0                    0
  "BR3.BPM7L3"                            6            "monitor"            64.372816          5.562488296          1.743643237          11.26008008         -4.279828325          1.727578534          1.711837539                    0                    0                    0                    0         -2.814587222         0.7935012907                    0                    0                    0                    0                    0                    0                    0                    0                    0                    0                    0                    0                    0                    0                    0                    0
  "BR3.BPM8L3"                            7            "monitor"            74.190321           5.56247086          1.743639605          11.26012333         -4.279837045          1.991885041          1.969334683                    0                    0                    0                    0         -2.814583766         0.7935015585                    0                    0                    0                    0                    0                    0                    0                    0                    0                    0                    0                    0                    0                    0                    0                    0
  "BR3.BPM9L3"                            8            "monitor"            84.007826          5.562453423          1.743635973          11.26016571         -4.279845497          2.256191548          2.226831833                    0                    0                    0                    0         -2.814579159         0.7935014399                    0                    0                    0                    0                    0                    0                    0                    0                    0                    0                    0                    0                    0                    0                    0                    0
  "BR3.BPM10L3"                           9            "monitor"             93.82532          5.562474347          1.743640331          11.26011485         -4.279835379          2.520497741          2.484328825                    0                    0                    0                    0         -2.814583673         0.7935012612                    0                    0                    0                    0                    0                    0                    0                    0                    0                    0                    0                    0                    0                    0                    0                    0
  "BR3.BPM11L3"                          10            "monitor"           103.642825          5.562456911            1.7436367          11.26015705         -4.279843725          2.784804248          2.741825972                    0                    0                    0                    0         -2.814580138          0.793501341                    0                    0                    0                    0                    0                    0                    0                    0                    0                    0                    0                    0                    0                    0                    0                    0
  "BR3.BPM12L3"                          11            "monitor"            113.46033          5.562439474          1.743633068          11.26020057         -4.279852597          3.049110755          2.999323121                    0                    0                    0                    0         -2.814576591         0.7935015762                    0                    0                    0                    0                    0                    0                    0                    0                    0                    0                    0                    0                    0                    0                    0                    0
  "BR3.BPM13L3"                          12            "monitor"           123.277835          5.562422038          1.743629436          11.26024263         -4.279860879          3.313417262          3.256820268                    0                    0                    0                    0         -2.814572014         0.7935014511                    0                    0                    0                    0                    0                    0                    0                    0                    0                    0                    0                    0                    0                    0                    0                    0
  "BR3.BPM14L3"                          13            "monitor"           133.095339          5.562408089          1.743626531          11.26027762         -4.279868035          3.577723741          3.514317403                    0                    0                    0                    0         -2.814568528         0.7935012383                    0                    0                    0                    0                    0                    0                    0                    0                    0                    0                    0                    0                    0                    0                    0                    0
  "BR3.BPM15L3"                          14            "monitor"           142.912834          5.562425525          1.743630163          11.26023406         -4.279859168          3.842029962          3.771814409                    0                    0                    0                    0         -2.814573162         0.7935014016                    0                    0                    0                    0                    0                    0                    0                    0                    0                    0                    0                    0                    0                    0                    0                    0
  "BR3.BPM16L3"                          15            "monitor"           152.730339          5.562408089          1.743626531          11.26027776         -4.279868063          4.106336469          4.029311556                    0                    0                    0                    0         -2.814569236         0.7935015173                    0                    0                    0                    0                    0                    0                    0                    0                    0                    0                    0                    0                    0                    0                    0                    0
