@ NAME                 %s               "PSB3"
@ TYPE                 %s              "twiss"
@ TITLE                %n                  nil
@ ORIGIN               %s "MAD 1.1.15 Linux 64"
@ DATE                 %s           "14/09/26"
@ TIME                 %s           "11:32:33"
@ REFCOL               %s               "name"
@ DIRECTION            %le                    1
@ OBSERVE              %le                    1
@ ENERGY               %le          1.098272088
@ DELTAP               %le                    0
@ LENGTH               %le               157.08
@ ALFAP                %le        0.06301649235
@ Q1                   %le               4.2254
@ Q2                   %le          4.123500001
@ Q3                   %le                    0
@ DQ1                  %le         -6.489285453
@ DQ2                  %le         -12.76739612
@ DQ3                  %le                    0
* NAME                                INDEX                 KIND                    S                 BETX                 ALFX                 BETY                 ALFY                  MUX                  MUY                    X                   PX                    Y                   PY                   DX                  DPX                   DY                  DPY                  R11                  R12                  R21                  R22                  K1L                  K2L                  K3L                  K4L                  K5L                 K1SL                 K2SL                 K3SL                 K4SL                 K5SL
$ %s                                     %d                   %s                  %le                  %le                  %le                  %le                  %le                  %le                  %le                  %le                  %le                  %le                  %le                  %le                  %le                  %le                  %le                  %le                  %le                  %le                  %le                  %le                  %le                  %le                  %le                  %le                  %le                  %le                  %le                  %le                  %le
  "BR3.BPM1L3"                            0            "monitor"             5.467797          5.466542911          1.727265738          11.47411517         -4.387552315         0.1417647412         0.1687064637                    0                    0                    0                    0         -2.784129806         0.7680640542                    0                    0                    0                    0                    0                    0                    0                    0                    0                    0                    0                    0                    0                    0                    0                    0
  "BR3.BPM2L3"                            1            "monitor"            15.285302          5.673359937          1.768038968          11.03044954         -4.168085178         0.4079870822         0.4221588988                    0                    0                    0                    0         -2.905340032         0.8179156189                    0                    0                    0                    0                    0                    0                    0                    0                    0                    0                    0                    0                    0                    0                    0                    0
  "BR3.BPM3L3"                            2            "monitor"            25.102807          5.687473078          1.781940732          11.03050582         -4.217068728         0.6680450499         0.6871396171                    0                    0                    0                    0          -2.90804594         0.8224634231                    0                    0                    0                    0                    0                    0                    0                    0                    0                    0                    0                    0                    0                    0                    0                    0
  "BR3.BPM4L3"                            3            "monitor"            34.920312          5.441417618          1.702581134          11.47423055         -4.334887835         0.9325326608         0.9405918826                    0                    0                    0                    0         -2.808038916         0.8082099492                    0                    0                    0                    0                    0                    0                    0                    0                    0                    0                    0                    0                    0                    0                    0                    0
  "BR3.BPM5L3"                            4            "monitor"            44.737806          5.681291436          1.787875785          11.08630467         -4.241760151          1.196037882          1.202407982                    0                    0                    0                    0         -2.722319781         0.7618986708                    0                    0                    0                    0                    0                    0                    0                    0                    0                    0                    0                    0                    0                    0                    0                    0
  "BR3.BPM6L3"                            5            "monitor"            54.555311          5.455337589          1.699396762          11.41497438         -4.309367098          1.461751484          1.455343569                    0                    0                    0                    0         -2.837709338         0.7844666679                    0                    0                    0                    0                    0                    0                    0                    0                    0                    0                    0                    0                    0                    0                    0                    0
  "BR3.BPM7L3"                            6            "monitor"            64.372816          5.660056389          1.788201598          11.14855197         -4.267895867          1.724099368          1.717595259                    0                    0                    0                    0         -2.902711522         0.8267260897                    0                    0                    0                    0                    0                    0                    0                    0                    0                    0                    0                    0                    0                    0                    0                    0
  "BR3.BPM8L3"                            7            "monitor"            74.190321          5.483102229          1.701919058          11.35053426         -4.282897618          1.990858006          1.970175857                    0                    0                    0                    0         -2.775643532         0.7965710309                    0                    0                    0                    0                    0                    0                    0                    0                    0                    0                    0                    0                    0                    0                    0                    0
  "BR3.BPM9L3"                            8            "monitor"            84.007826          5.626518765           1.78288368          11.21495475         -4.294532704          2.252298371          2.232695027                    0                    0                    0                    0         -2.733446408         0.7597255568                    0                    0                    0                    0                    0                    0                    0                    0                    0                    0                    0                    0                    0                    0                    0                    0
  "BR3.BPM10L3"                           9            "monitor"             93.82532          5.521230961          1.709840162          11.28300585         -4.256379552          2.519787968          2.485094785                    0                    0                    0                    0         -2.868090277         0.7964958117                    0                    0                    0                    0                    0                    0                    0                    0                    0                    0                    0                    0                    0                    0                    0                    0
  "BR3.BPM11L3"                          10            "monitor"           103.642825          5.585002615          1.772609439          11.28307024         -4.320709071          2.780687845          2.747704139                    0                    0                    0                    0         -2.886106506         0.8267395912                    0                    0                    0                    0                    0                    0                    0                    0                    0                    0                    0                    0                    0                    0                    0                    0
  "BR3.BPM12L3"                          11            "monitor"            113.46033          5.564772496          1.722131421          11.21496683         -4.230788825          3.048502737          3.000104085                    0                    0                    0                    0         -2.748228413         0.7845395278                    0                    0                    0                    0                    0                    0                    0                    0                    0                    0                    0                    0                    0                    0                    0                    0
  "BR3.BPM13L3"                          12            "monitor"           123.277835          5.540740053          1.758676704          11.35067673         -4.345536679          3.309298843          3.262623191                    0                    0                    0                    0         -2.754957927         0.7618722207                    0                    0                    0                    0                    0                    0                    0                    0                    0                    0                    0                    0                    0                    0                    0                    0
  "BR3.BPM14L3"                          13            "monitor"           133.095339          5.608194391          1.737228409          11.14872598         -4.207011425          3.576991375          3.515203869                    0                    0                    0                    0         -2.891619542         0.8081419059                    0                    0                    0                    0                    0                    0                    0                    0                    0                    0                    0                    0                    0                    0                    0                    0
  "BR3.BPM15L3"                          14            "monitor"           142.912834          5.499465266          1.742882759          11.41519338         -4.368098793          3.838133534          3.777455298                    0                    0                    0                    0         -2.860353754         0.8225020895                    0                    0                    0                    0                    0                    0                    0                    0                    0                    0                    0                    0                    0                    0                    0                    0
  "BR3.BPM16L3"                          15            "monitor"           152.730339          5.645967249          1.753205212          11.08656429         -4.185876348          4.105271888           4.03039103                    0                    0                    0                    0         -2.729298936         0.7736541512                    0                    0                    0                    0                    0                    0                    0                    0                    0                    0                    0                    0                    0                    0                    0                    0
