@ NAME                 %s               "PSB3"
@ TYPE                 %s              "twiss"
@ TITLE                %n                  nil
@ ORIGIN               %s "MAD 1.1.15 Linux 64"
@ DATE                 %s           "14/09/26"
@ TIME                 %s           "10:16:15"
@ REFCOL               %s               "name"
@ DIRECTION            %le                    1
@ OBSERVE              %le                    1
@ ENERGY               %le          1.098272088
@ DELTAP               %le                    0
@ LENGTH               %le               157.08
@ ALFAP                %le        0.06474291445
@ Q1                   %le               4.1696
@ Q2                   %le          4.232500001
@ Q3                   %le                    0
@ DQ1                  %le         -6.456562671
@ DQ2                  %le         -12.98802915
@ DQ3                  %le                    0
* NAME                                INDEX                 KIND                    S                 BETX                 ALFX                 BETY                 ALFY                  MUX                  MUY                    X                   PX                    Y                   PY                   DX                  DPX                   DY                  DPY                  R11                  R12                  R21                  R22                  K1L                  K2L                  K3L                  K4L                  K5L                 K1SL                 K2SL                 K3SL                 K4SL                 K5SL
$ %s                                     %d                   %s                  %le                  %le                  %le                  %le                  %le                  %le                  %le                  %le                  %le                  %le                  %le                  %le                  %le                  %le                  %le                  %le                  %le                  %le                  %le                  %le                  %le                  %le                  %le                  %le                  %le                  %le                  %le                  %le                  %le
  "BR3.BPM1L3"                            0            "monitor"             5.467797           5.52629767          1.757523726          11.45212385         -4.390167291         0.1386896203         0.1718485503                    0                    0                    0                    0          -2.82762244          0.779813067                    0                    0                    0                    0                    0                    0                    0                    0                    0                    0                    0                    0                    0                    0                    0                    0
  "BR3.BPM2L3"                            1            "monitor"            15.285302          5.704282254            1.7750425          10.98061025         -4.196419414         0.4025659609         0.4351027516                    0                    0                    0                    0         -2.996308527         0.8436632173                    0                    0                    0                    0                    0                    0                    0                    0                    0                    0                    0                    0                    0                    0                    0                    0
  "BR3.BPM3L3"                            2            "monitor"            25.102807          5.742146679          1.812226502          10.98114015         -4.206356117         0.6578924541         0.7036960193                    0                    0                    0                    0         -3.004997989         0.8582018984                    0                    0                    0                    0                    0                    0                    0                    0                    0                    0                    0                    0                    0                    0                    0                    0
  "BR3.BPM4L3"                            3            "monitor"            34.920312          5.480360089          1.712468698          11.45138804         -4.372551947         0.9201036922         0.9669203469                    0                    0                    0                    0         -2.857692661          0.830121679                    0                    0                    0                    0                    0                    0                    0                    0                    0                    0                    0                    0                    0                    0                    0                    0
  "BR3.BPM5L3"                            4            "monitor"            44.737806          5.726464333          1.813463597          11.01624221         -4.227063089          1.179043605          1.232905019                    0                    0                    0                    0         -2.765766649         0.7737705416                    0                    0                    0                    0                    0                    0                    0                    0                    0                    0                    0                    0                    0                    0                    0                    0
  "BR3.BPM6L3"                            5            "monitor"            54.555311          5.500590863          1.713096822          11.40223173          -4.34714807          1.442200055          1.495023385                    0                    0                    0                    0         -2.925552283         0.8095058739                    0                    0                    0                    0                    0                    0                    0                    0                    0                    0                    0                    0                    0                    0                    0                    0
  "BR3.BPM7L3"                            6            "monitor"            64.372816          5.702032662           1.81097653          11.07792609         -4.256356287          1.700269713          1.761984955                    0                    0                    0                    0         -2.995771583         0.8610023804                    0                    0                    0                    0                    0                    0                    0                    0                    0                    0                    0                    0                    0                    0                    0                    0
  "BR3.BPM8L3"                            7            "monitor"            74.190321          5.528669811          1.717375652          11.33025463         -4.314959885          1.964199299          2.023278094                    0                    0                    0                    0          -2.82643873         0.8182714305                    0                    0                    0                    0                    0                    0                    0                    0                    0                    0                    0                    0                    0                    0                    0                    0
  "BR3.BPM9L3"                            8            "monitor"            84.007826          5.670684278          1.804955739          11.15821467         -4.290469583          2.221600454          2.290877448                    0                    0                    0                    0         -2.779214592         0.7725798271                    0                    0                    0                    0                    0                    0                    0                    0                    0                    0                    0                    0                    0                    0                    0                    0
  "BR3.BPM10L3"                           9            "monitor"             93.82532          5.562606644          1.725005979          11.24449135         -4.280071879          2.486074408          2.551732362                    0                    0                    0                    0         -2.954962747         0.8215179502                    0                    0                    0                    0                    0                    0                    0                    0                    0                    0                    0                    0                    0                    0                    0                    0
  "BR3.BPM11L3"                          10            "monitor"           103.642825          5.634759647          1.795851356          11.24674614         -4.325019049          2.743058552          2.819549822                    0                    0                    0                    0         -2.978304134         0.8605613434                    0                    0                    0                    0                    0                    0                    0                    0                    0                    0                    0                    0                    0                    0                    0                    0
  "BR3.BPM12L3"                          11            "monitor"            113.46033          5.599832156          1.735411449          11.15610797         -4.246987616          3.007809453          3.080410529                    0                    0                    0                    0         -2.799385646         0.8063193314                    0                    0                    0                    0                    0                    0                    0                    0                    0                    0                    0                    0                    0                    0                    0                    0
  "BR3.BPM13L3"                          12            "monitor"           123.277835          5.596819591          1.784315924          11.33237645         -4.355620388          3.264658903          3.347998878                    0                    0                    0                    0         -2.800341477         0.7746445941                    0                    0                    0                    0                    0                    0                    0                    0                    0                    0                    0                    0                    0                    0                    0                    0
  "BR3.BPM14L3"                          13            "monitor"           133.095339          5.637649683          1.747835504          11.07632578         -4.219923558          3.529398299           3.60930818                    0                    0                    0                    0         -2.979121663         0.8331895509                    0                    0                    0                    0                    0                    0                    0                    0                    0                    0                    0                    0                    0                    0                    0                    0
  "BR3.BPM15L3"                          14            "monitor"           142.912834          5.559728032          1.771212975          11.40396431         -4.378319931          3.786405053          3.876248994                    0                    0                    0                    0         -2.953878635         0.8569110821                    0                    0                    0                    0                    0                    0                    0                    0                    0                    0                    0                    0                    0                    0                    0                    0
  "BR3.BPM16L3"                          15            "monitor"           152.730339          5.673306337          1.761370538          11.01530082         -4.202332723          4.050845719          4.138391983                    0                    0                    0                    0         -2.778520708          0.795143539                    0                    0                    0                    0                    0                    0                    0                    0                    0                    0                    0                    0                    0                    0                    0                    0
