@ NAME                 %s               "PSB3"
@ TYPE                 %s              "twiss"
@ TITLE                %n                  nil
@ ORIGIN               %s "MAD 1.1.15 Linux 64"
@ DATE                 %s           "14/09/26"
@ TIME                 %s           "10:16:15"
@ REFCOL               %s               "name"
@ DIRECTION            %le                    1
@ OBSERVE              %le                    1
@ ENERGY               %le          1.098272088
@ DELTAP               %le                    0
@ LENGTH               %le               157.08
@ ALFAP                %le        0.06515639654
@ Q1                   %le          4.173100123
@ Q2                   %le          4.229003068
@ Q3                   %le                    0
@ DQ1                  %le         -6.455362557
@ DQ2                  %le         -12.99687302
@ DQ3                  %le                    0
* NAME                                INDEX                 KIND                    S                 BETX                 ALFX                 BETY                 ALFY                  MUX                  MUY                    X                   PX                    Y                   PY                   DX                  DPX                   DY                  DPY                  R11                  R12                  R21                  R22                  K1L                  K2L                  K3L                  K4L                  K5L                 K1SL                 K2SL                 K3SL                 K4SL                 K5SL
$ %s                                     %d                   %s                  %le                  %le                  %le                  %le                  %le                  %le                  %le                  %le                  %le                  %le                  %le                  %le                  %le                  %le                  %le                  %le                  %le                  %le                  %le                  %le                  %le                  %le                  %le                  %le                  %le                  %le                  %le                  %le                  %le
  "BR3.BPM1L3"                            0            "monitor"             5.467797          5.606214771          1.762348481           11.2203447         -4.292924194         0.1394781788         0.1721498083                    0                    0                    0                    0         -2.883629027         0.8168852924                    0                    0                    0                    0                    0                    0                    0                    0                    0                    0                    0                    0                    0                    0                    0                    0
  "BR3.BPM2L3"                            1            "monitor"            15.285302          5.606197148          1.762344819          11.22038836         -4.292933074         0.4002970784         0.4364625664                    0                    0                    0                    0          -2.88362478         0.8168851346                    0                    0                    0                    0                    0                    0                    0                    0                    0                    0                    0                    0                    0                    0                    0                    0
  "BR3.BPM3L3"                            2            "monitor"            25.102807          5.606179524          1.762341157          11.22043083         -4.292941603          0.661115978         0.7007753336                    0                    0                    0                    0         -2.883621152         0.8168852361                    0                    0                    0                    0                    0                    0                    0                    0                    0                    0                    0                    0                    0                    0                    0                    0
  "BR3.BPM4L3"                            3            "monitor"            34.920312          5.606161901          1.762337495          11.22047398         -4.292950311         0.9219348777         0.9650880937                    0                    0                    0                    0         -2.883617422         0.8168854518                    0                    0                    0                    0                    0                    0                    0                    0                    0                    0                    0                    0                    0                    0                    0                    0
  "BR3.BPM5L3"                            4            "monitor"            44.737806          5.606183049          1.762341889          11.22042231           -4.2929399          1.182753465          1.229400703                    0                    0                    0                    0         -2.883621715         0.8168853168                    0                    0                    0                    0                    0                    0                    0                    0                    0                    0                    0                    0                    0                    0                    0                    0
  "BR3.BPM6L3"                            5            "monitor"            54.555311          5.606165425          1.762338227          11.22046546         -4.292948583          1.443572365          1.493713462                    0                    0                    0                    0         -2.883617209          0.816885052                    0                    0                    0                    0                    0                    0                    0                    0                    0                    0                    0                    0                    0                    0                    0                    0
  "BR3.BPM7L3"                            6            "monitor"            64.372816          5.606147802          1.762334566          11.22050816         -4.292957192          1.704391264          1.758026228                    0                    0                    0                    0         -2.883613742         0.8168851598                    0                    0                    0                    0                    0                    0                    0                    0                    0                    0                    0                    0                    0                    0                    0                    0
  "BR3.BPM8L3"                            7            "monitor"            74.190321          5.606130179          1.762330904           11.2205511         -4.292965832          1.965210164          2.022338988                    0                    0                    0                    0         -2.883610249         0.8168854817                    0                    0                    0                    0                    0                    0                    0                    0                    0                    0                    0                    0                    0                    0                    0                    0
  "BR3.BPM9L3"                            8            "monitor"            84.007826          5.606112555          1.762327242          11.22059406         -4.292974524          2.226029064          2.286651751                    0                    0                    0                    0         -2.883605364         0.8168853259                    0                    0                    0                    0                    0                    0                    0                    0                    0                    0                    0                    0                    0                    0                    0                    0
  "BR3.BPM10L3"                           9            "monitor"             93.82532          5.606133703          1.762331636           11.2205426         -4.292964159          2.486847651          2.550964358                    0                    0                    0                    0         -2.883609933         0.8168850926                    0                    0                    0                    0                    0                    0                    0                    0                    0                    0                    0                    0                    0                    0                    0                    0
  "BR3.BPM11L3"                          10            "monitor"           103.642825           5.60611608          1.762327974          11.22058534         -4.292972719          2.747666551          2.815277118                    0                    0                    0                    0         -2.883606441         0.8168852084                    0                    0                    0                    0                    0                    0                    0                    0                    0                    0                    0                    0                    0                    0                    0                    0
  "BR3.BPM12L3"                          11            "monitor"            113.46033          5.606098457          1.762324312          11.22062864          -4.29298156           3.00848545          3.079589884                    0                    0                    0                    0         -2.883602862         0.8168854976                    0                    0                    0                    0                    0                    0                    0                    0                    0                    0                    0                    0                    0                    0                    0                    0
  "BR3.BPM13L3"                          12            "monitor"           123.277835          5.606080834           1.76232065          11.22067112         -4.292990012           3.26930435          3.343902644                    0                    0                    0                    0         -2.883598013         0.8168853383                    0                    0                    0                    0                    0                    0                    0                    0                    0                    0                    0                    0                    0                    0                    0                    0
  "BR3.BPM14L3"                          13            "monitor"           133.095339          5.606066735          1.762317721          11.22070598         -4.292997161          3.530123221          3.608215395                    0                    0                    0                    0         -2.883594344         0.8168850707                    0                    0                    0                    0                    0                    0                    0                    0                    0                    0                    0                    0                    0                    0                    0                    0
  "BR3.BPM15L3"                          14            "monitor"           142.912834          5.606084358          1.762321383          11.22066249         -4.292988272          3.790941837          3.872528014                    0                    0                    0                    0         -2.883599247         0.8168852664                    0                    0                    0                    0                    0                    0                    0                    0                    0                    0                    0                    0                    0                    0                    0                    0
  "BR3.BPM16L3"                          15            "monitor"           152.730339          5.606066735          1.762317721          11.22070615         -4.292997196          4.051760736          4.136840776                    0                    0                    0                    0         -2.883595303         0.8168854399                    0                    0                    0                    0                    0                    0                    0                    0                    0                    0                    0                    0                    0                    0                    0                    0
