@ NAME                 %s               "PSB3"
@ TYPE                 %s              "twiss"
@ TITLE                %n                  nil
@ ORIGIN               %s "MAD 1.1.14 Linux 64"
@ DATE                 %s           "31/08/26"
@ TIME                 %s           "03:26:48"
@ REFCOL               %s               "name"
@ DIRECTION            %le                    1
@ OBSERVE              %le                    1
@ ENERGY               %le          1.098272088
@ DELTAP               %le                    0
@ LENGTH               %le               157.08
@ ALFAP                %le        0.06466020685
@ Q1                   %le          4.173599972
@ Q2                   %le          4.241299962
@ Q3                   %le                    0
@ DQ1                  %le         -6.464995863
@ DQ2                  %le         -13.08492718
@ DQ3                  %le                    0
* NAME                                INDEX                 KIND                    S                 BETX                 ALFX                 BETY                 ALFY                  MUX                  MUY                    X                   PX                    Y                   PY                   DX                  DPX                   DY                  DPY                  R11                  R12                  R21                  R22                  K1L                  K2L                  K3L                  K4L                  K5L                 K1SL                 K2SL                 K3SL                 K4SL                 K5SL
$ %s                                     %d                   %s                  %le                  %le                  %le                  %le                  %le                  %le                  %le                  %le                  %le                  %le                  %le                  %le                  %le                  %le                  %le                  %le                  %le                  %le                  %le                  %le                  %le                  %le                  %le                  %le                  %le                  %le                  %le                  %le                  %le
  "BR3.BPM1L3"                            0            "monitor"             5.467797          5.521288994          1.757232838          11.46128337         -4.399601359         0.1388958143         0.1721556068                    0                    0                    0                    0         -2.825590285         0.7808085592                    0                    0                    0                    0                    0                    0                    0                    0                    0                    0                    0                    0                    0                    0                    0                    0
  "BR3.BPM2L3"                            1            "monitor"            15.285302           5.69889079          1.776380041          10.98047077         -4.204011794         0.4028856474         0.4361171492                    0                    0                    0                    0         -2.987695873         0.8425902199                    0                    0                    0                    0                    0                    0                    0                    0                    0                    0                    0                    0                    0                    0                    0                    0
  "BR3.BPM3L3"                            2            "monitor"            25.102807          5.734366248          1.811223448          10.98093013         -4.211720937         0.6586321296         0.7051182067                    0                    0                    0                    0         -2.995736892         0.8560438627                    0                    0                    0                    0                    0                    0                    0                    0                    0                    0                    0                    0                    0                    0                    0                    0
  "BR3.BPM4L3"                            3            "monitor"            34.920312           5.47764829          1.714426969          11.46055399          -4.38374427         0.9209738318         0.9690461081                    0                    0                    0                    0         -2.854717476         0.8295379216                    0                    0                    0                    0                    0                    0                    0                    0                    0                    0                    0                    0                    0                    0                    0                    0
  "BR3.BPM5L3"                            4            "monitor"            44.737806           5.71947016          1.812732639          11.01376197         -4.232031755          1.180275044          1.235459286                    0                    0                    0                    0         -2.764628625         0.7748251861                    0                    0                    0                    0                    0                    0                    0                    0                    0                    0                    0                    0                    0                    0                    0                    0
  "BR3.BPM6L3"                            5            "monitor"            54.555311          5.497219593          1.714817041          11.41217129         -4.358155132          1.443567499          1.498209119                    0                    0                    0                    0          -2.91815784         0.8089331375                    0                    0                    0                    0                    0                    0                    0                    0                    0                    0                    0                    0                    0                    0                    0                    0
  "BR3.BPM7L3"                            6            "monitor"            64.372816           5.69557568          1.810445518          11.07607251          -4.26202148          1.701992239          1.765668439                    0                    0                    0                    0          -2.98691435         0.8589066699                    0                    0                    0                    0                    0                    0                    0                    0                    0                    0                    0                    0                    0                    0                    0                    0
  "BR3.BPM8L3"                            7            "monitor"            74.190321          5.524873235          1.718935759          11.33834399         -4.324856969          1.966063999          2.027530925                    0                    0                    0                    0         -2.823823639         0.8178552024                    0                    0                    0                    0                    0                    0                    0                    0                    0                    0                    0                    0                    0                    0                    0                    0
  "BR3.BPM9L3"                            8            "monitor"            84.007826          5.664556394          1.804545523          11.15919033         -4.297539032           2.22381497           2.29567795                    0                    0                    0                    0         -2.777719455         0.7735855746                    0                    0                    0                    0                    0                    0                    0                    0                    0                    0                    0                    0                    0                    0                    0                    0
  "BR3.BPM10L3"                           9            "monitor"             93.82532          5.558556867          1.726481795          11.24907248         -4.288404964          2.488434825          2.557066937                    0                    0                    0                    0         -2.947216133         0.8207881666                    0                    0                    0                    0                    0                    0                    0                    0                    0                    0                    0                    0                    0                    0                    0                    0
  "BR3.BPM11L3"                          10            "monitor"           103.642825          5.628833076          1.795493789          11.25157198         -4.333670364          2.745767148          2.825449657                    0                    0                    0                    0         -2.969761825          0.858499144                    0                    0                    0                    0                    0                    0                    0                    0                    0                    0                    0                    0                    0                    0                    0                    0
  "BR3.BPM12L3"                          11            "monitor"            113.46033          5.595606232          1.736859511          11.15685311         -4.253862698          3.010663126          3.086845294                    0                    0                    0                    0         -2.797133059         0.8060568604                    0                    0                    0                    0                    0                    0                    0                    0                    0                    0                    0                    0                    0                    0                    0                    0
  "BR3.BPM13L3"                          12            "monitor"           123.277835          5.591072263          1.783969511          11.34066922         -4.365472261          3.267864291          3.354979658                    0                    0                    0                    0         -2.798564832          0.775632488                    0                    0                    0                    0                    0                    0                    0                    0                    0                    0                    0                    0                    0                    0                    0                    0
  "BR3.BPM14L3"                          13            "monitor"           133.095339          5.633212577          1.749279379          11.07430888         -4.225974226          3.532742524          3.616860706                    0                    0                    0                    0         -2.970986215         0.8323020954                    0                    0                    0                    0                    0                    0                    0                    0                    0                    0                    0                    0                    0                    0                    0                    0
  "BR3.BPM15L3"                          14            "monitor"           142.912834           5.55425192           1.77087425          11.41401823         -4.388523608          3.790109888           3.88429629                    0                    0                    0                    0         -2.945596992         0.8548524918                    0                    0                    0                    0                    0                    0                    0                    0                    0                    0                    0                    0                    0                    0                    0                    0
  "BR3.BPM16L3"                          15            "monitor"           152.730339          5.668511616          1.762792205          11.01276459          -4.20857342          4.054678246          4.147074191                    0                    0                    0                    0         -2.776696388         0.7950495451                    0                    0                    0                    0                    0                    0                    0                    0                    0                    0                    0                    0                    0                    0                    0                    0
