@ NAME                 %s               "PSB3"
@ TYPE                 %s              "twiss"
@ TITLE                %n                  nil
@ ORIGIN               %s "MAD 1.1.14 Linux 64"
@ DATE                 %s           "31/08/26"
@ TIME                 %s           "03:26:47"
@ REFCOL               %s               "name"
@ DIRECTION            %le                    1
@ OBSERVE              %le                    1
@ ENERGY               %le          1.098272088
@ DELTAP               %le                    0
@ LENGTH               %le               157.08
@ ALFAP                %le        0.06506271129
@ Q1                   %le          4.177053278
@ Q2                   %le          4.237766001
@ Q3                   %le                    0
@ DQ1                  %le         -6.463878541
@ DQ2                  %le         -13.09395689
@ DQ3                  %le                    0
* NAME                                INDEX                 KIND                    S                 BETX                 ALFX                 BETY                 ALFY                  MUX                  MUY                    X                   PX                    Y                   PY                   DX                  DPX                   DY                  DPY                  R11                  R12                  R21                  R22                  K1L                  K2L                  K3L                  K4L                  K5L                 K1SL                 K2SL                 K3SL                 K4SL                 K5SL
$ %s                                     %d                   %s                  %le                  %le                  %le                  %le                  %le                  %le                  %le                  %le                  %le                  %le                  %le                  %le                  %le                  %le                  %le                  %le                  %le                  %le                  %le                  %le                  %le                  %le                  %le                  %le                  %le                  %le                  %le                  %le                  %le
  "BR3.BPM1L3"                            0            "monitor"             5.467797           5.60127305          1.762926306          11.22403387         -4.301014183         0.1396091018         0.1725906195                    0                    0                    0                    0         -2.878536417          0.816350681                    0                    0                    0                    0                    0                    0                    0                    0                    0                    0                    0                    0                    0                    0                    0                    0
  "BR3.BPM2L3"                            1            "monitor"            15.285302           5.60125542           1.76292264          11.22407761         -4.301023091         0.4006750737         0.4374510609                    0                    0                    0                    0         -2.878532181         0.8163505285                    0                    0                    0                    0                    0                    0                    0                    0                    0                    0                    0                    0                    0                    0                    0                    0
  "BR3.BPM3L3"                            2            "monitor"            25.102807          5.601237791          1.762918973          11.22412017         -4.301031651         0.6617410456         0.7023115115                    0                    0                    0                    0          -2.87852854         0.8163506266                    0                    0                    0                    0                    0                    0                    0                    0                    0                    0                    0                    0                    0                    0                    0                    0
  "BR3.BPM4L3"                            3            "monitor"            34.920312          5.601220162          1.762915306          11.22416338         -4.301040382         0.9228070176         0.9671719549                    0                    0                    0                    0         -2.878524805         0.8163508372                    0                    0                    0                    0                    0                    0                    0                    0                    0                    0                    0                    0                    0                    0                    0                    0
  "BR3.BPM5L3"                            4            "monitor"            44.737806          5.601241317          1.762919706          11.22411164         -4.301029944          1.183872677          1.232032248                    0                    0                    0                    0         -2.878529111         0.8163507056                    0                    0                    0                    0                    0                    0                    0                    0                    0                    0                    0                    0                    0                    0                    0                    0
  "BR3.BPM6L3"                            5            "monitor"            54.555311          5.601223688          1.762916039          11.22415485         -4.301038647          1.444938649           1.49689269                    0                    0                    0                    0         -2.878524615         0.8163504458                    0                    0                    0                    0                    0                    0                    0                    0                    0                    0                    0                    0                    0                    0                    0                    0
  "BR3.BPM7L3"                            6            "monitor"            64.372816          5.601206059          1.762912372          11.22419765         -4.301047293          1.706004621          1.761753139                    0                    0                    0                    0         -2.878521135         0.8163505501                    0                    0                    0                    0                    0                    0                    0                    0                    0                    0                    0                    0                    0                    0                    0                    0
  "BR3.BPM8L3"                            7            "monitor"            74.190321           5.60118843          1.762908705          11.22424064         -4.301055951          1.967070593          2.026613582                    0                    0                    0                    0         -2.878517637         0.8163508672                    0                    0                    0                    0                    0                    0                    0                    0                    0                    0                    0                    0                    0                    0                    0                    0
  "BR3.BPM9L3"                            8            "monitor"            84.007826          5.601170801          1.762905038          11.22428371         -4.301064681          2.228136565          2.291474029                    0                    0                    0                    0         -2.878512769         0.8163507146                    0                    0                    0                    0                    0                    0                    0                    0                    0                    0                    0                    0                    0                    0                    0                    0
  "BR3.BPM10L3"                           9            "monitor"             93.82532          5.601191955          1.762909439          11.22423213         -4.301054273          2.489202224          2.556334319                    0                    0                    0                    0         -2.878517343         0.8163504863                    0                    0                    0                    0                    0                    0                    0                    0                    0                    0                    0                    0                    0                    0                    0                    0
  "BR3.BPM11L3"                          10            "monitor"           103.642825          5.601174326          1.762905772          11.22427497         -4.301062868          2.750268196          2.821194763                    0                    0                    0                    0         -2.878513839         0.8163505989                    0                    0                    0                    0                    0                    0                    0                    0                    0                    0                    0                    0                    0                    0                    0                    0
  "BR3.BPM12L3"                          11            "monitor"            113.46033          5.601156697          1.762902105          11.22431834         -4.301071734          3.011334168          3.086055212                    0                    0                    0                    0         -2.878510255         0.8163508833                    0                    0                    0                    0                    0                    0                    0                    0                    0                    0                    0                    0                    0                    0                    0                    0
  "BR3.BPM13L3"                          12            "monitor"           123.277835          5.601139068          1.762898438          11.22436091         -4.301080216           3.27240014          3.350915655                    0                    0                    0                    0         -2.878505423          0.816350727                    0                    0                    0                    0                    0                    0                    0                    0                    0                    0                    0                    0                    0                    0                    0                    0
  "BR3.BPM14L3"                          13            "monitor"           133.095339          5.601124965          1.762895504          11.22439583         -4.301087387          3.533466084          3.615776089                    0                    0                    0                    0         -2.878501765         0.8163504643                    0                    0                    0                    0                    0                    0                    0                    0                    0                    0                    0                    0                    0                    0                    0                    0
  "BR3.BPM15L3"                          14            "monitor"           142.912834          5.601142594          1.762899171          11.22435226         -4.301078468          3.794531771          3.880636392                    0                    0                    0                    0         -2.878506651         0.8163506571                    0                    0                    0                    0                    0                    0                    0                    0                    0                    0                    0                    0                    0                    0                    0                    0
  "BR3.BPM16L3"                          15            "monitor"           152.730339          5.601124965          1.762895504            11.224396         -4.301087423          4.055597743          4.145496838                    0                    0                    0                    0           -2.8785027         0.8163508255                    0                    0                    0                    0                    0                    0                    0                    0                    0                    0                    0                    0                    0                    0                    0                    0
