@ NAME                 %s               "PSB3"
@ TYPE                 %s              "twiss"
@ TITLE                %n                  nil
@ ORIGIN               %s "MAD 1.1.15 Linux 64"
@ DATE                 %s           "13/09/26"
@ TIME                 %s           "10:49:56"
@ REFCOL               %s               "name"
@ DIRECTION            %le                    1
@ OBSERVE              %le                    1
@ ENERGY               %le          1.098272088
@ DELTAP               %le                    0
@ LENGTH               %le               157.08
@ ALFAP                %le        0.06300061749
@ Q1                   %le               4.2257
@ Q2                   %le          4.123300001
@ Q3                   %le                    0
@ DQ1                  %le         -6.489722984
@ DQ2                  %le         -12.76783581
@ DQ3                  %le                    0
* NAME                                INDEX                 KIND                    S                 BETX                 ALFX                 BETY                 ALFY                  MUX                  MUY                    X                   PX                    Y                   PY                   DX                  DPX                   DY                  DPY                  R11                  R12                  R21                  R22                  K1L                  K2L                  K3L                  K4L                  K5L                 K1SL                 K2SL                 K3SL                 K4SL                 K5SL
$ %s                                     %d                   %s                  %le                  %le                  %le                  %le                  %le                  %le                  %le                  %le                  %le                  %le                  %le                  %le                  %le                  %le                  %le                  %le                  %le                  %le                  %le                  %le                  %le                  %le                  %le                  %le                  %le                  %le                  %le                  %le                  %le
  "BR3.BPM1L3"                            0            "monitor"             5.467797           5.46500668          1.726960915          11.47042348         -4.385825311         0.1417823414         0.1686716489                    0                    0                    0                    0         -2.783464416          0.767707664                    0                    0                    0                    0                    0                    0                    0                    0                    0                    0                    0                    0                    0                    0                    0                    0
  "BR3.BPM2L3"                            1            "monitor"            15.285302          5.674443329          1.768350557          11.03475608         -4.170234174         0.4080425059         0.4221824663                    0                    0                    0                    0         -2.905914231         0.8180974349                    0                    0                    0                    0                    0                    0                    0                    0                    0                    0                    0                    0                    0                    0                    0                    0
  "BR3.BPM3L3"                            2            "monitor"            25.102807          5.688591986          1.782287466            11.034811         -4.218412409         0.6680786663         0.6870248515                    0                    0                    0                    0         -2.908624547          0.822652696                    0                    0                    0                    0                    0                    0                    0                    0                    0                    0                    0                    0                    0                    0                    0                    0
  "BR3.BPM4L3"                            3            "monitor"            34.920312          5.439696799          1.702094312          11.47054031         -4.334037357         0.9325830157         0.9405355152                    0                    0                    0                    0         -2.807634381         0.8082918522                    0                    0                    0                    0                    0                    0                    0                    0                    0                    0                    0                    0                    0                    0                    0                    0
  "BR3.BPM5L3"                            4            "monitor"            44.737806          5.682408113          1.788326154          11.08962136         -4.242661906          1.196106031          1.202271055                    0                    0                    0                    0         -2.720906064         0.7614661798                    0                    0                    0                    0                    0                    0                    0                    0                    0                    0                    0                    0                    0                    0                    0                    0
  "BR3.BPM6L3"                            5            "monitor"            54.555311           5.45373375          1.698844788           11.4123424         -4.308975916          1.461852768          1.455274968                    0                    0                    0                    0         -2.837483109         0.7842464026                    0                    0                    0                    0                    0                    0                    0                    0                    0                    0                    0                    0                    0                    0                    0                    0
  "BR3.BPM7L3"                            6            "monitor"            64.372816          5.660946444          1.788676223          11.15075119         -4.268325532          1.724202695          1.717437756                    0                    0                    0                    0         -2.903250146         0.8269760334                    0                    0                    0                    0                    0                    0                    0                    0                    0                    0                    0                    0                    0                    0                    0                    0
  "BR3.BPM8L3"                            7            "monitor"            74.190321          5.481825283          1.701384537          11.34906785         -4.282986624           1.99100879          1.970093525                    0                    0                    0                    0         -2.774839791         0.7965129198                    0                    0                    0                    0                    0                    0                    0                    0                    0                    0                    0                    0                    0                    0                    0                    0
  "BR3.BPM9L3"                            8            "monitor"            84.007826          5.626994895          1.783299947          11.21595192         -4.294478867          2.252438649          2.232518656                    0                    0                    0                    0          -2.73215311         0.7592606778                    0                    0                    0                    0                    0                    0                    0                    0                    0                    0                    0                    0                    0                    0                    0                    0
  "BR3.BPM10L3"                           9            "monitor"             93.82532           5.52043837          1.709402505            11.282766         -4.256950562          2.519985741          2.484997075                    0                    0                    0                    0         -2.868238629         0.7964219642                    0                    0                    0                    0                    0                    0                    0                    0                    0                    0                    0                    0                    0                    0                    0                    0
  "BR3.BPM11L3"                          10            "monitor"           103.642825           5.58494327          1.772894227          11.28282853         -4.320179522          2.780867742          2.747510659                    0                    0                    0                    0         -2.886449253         0.8269923844                    0                    0                    0                    0                    0                    0                    0                    0                    0                    0                    0                    0                    0                    0                    0                    0
  "BR3.BPM12L3"                          11            "monitor"            113.46033          5.564545213          1.721854624          11.21596587         -4.231824526          3.048744348          2.999989264                    0                    0                    0                    0         -2.747089744         0.7843344828                    0                    0                    0                    0                    0                    0                    0                    0                    0                    0                    0                    0                    0                    0                    0                    0
  "BR3.BPM13L3"                          12            "monitor"           123.277835          5.540108036          1.758777634          11.34920848          -4.34455809          3.309521551          3.262414337                    0                    0                    0                    0         -2.753928047         0.7614341241                    0                    0                    0                    0                    0                    0                    0                    0                    0                    0                    0                    0                    0                    0                    0                    0
  "BR3.BPM14L3"                          13            "monitor"           133.095339          5.608524388          1.737151188          11.15092702         -4.208476048          3.577273552          3.515070179                    0                    0                    0                    0         -2.892049715         0.8082096035                    0                    0                    0                    0                    0                    0                    0                    0                    0                    0                    0                    0                    0                    0                    0                    0
  "BR3.BPM15L3"                          14            "monitor"           142.912834          5.498313546          1.742776296          11.41255967         -4.366715682            3.8384023          3.777232715                    0                    0                    0                    0         -2.860376125         0.8226995404                    0                    0                    0                    0                    0                    0                    0                    0                    0                    0                    0                    0                    0                    0                    0                    0
  "BR3.BPM16L3"                          15            "monitor"           152.730339           5.64675861           1.75333498          11.08988269         -4.187717068           4.10559174          4.030236761                    0                    0                    0                    0         -2.727942929         0.7733186434                    0                    0                    0                    0                    0                    0                    0                    0                    0                    0                    0                    0                    0                    0                    0                    0
