@ NAME                 %s               "PSB3"
@ TYPE                 %s              "twiss"
@ TITLE                %n                  nil
@ ORIGIN               %s "MAD 1.1.15 Linux 64"
@ DATE                 %s           "13/09/26"
@ TIME                 %s           "10:49:56"
@ REFCOL               %s               "name"
@ DIRECTION            %le                    1
@ OBSERVE              %le                    1
@ ENERGY               %le          1.098272088
@ DELTAP               %le                    0
@ LENGTH               %le               157.08
@ ALFAP                %le        0.06333793418
@ Q1                   %le          4.229243175
@ Q2                   %le          4.119817704
@ Q3                   %le                    0
@ DQ1                  %le         -6.488866395
@ DQ2                  %le         -12.77290526
@ DQ3                  %le                    0
* NAME                                INDEX                 KIND                    S                 BETX                 ALFX                 BETY                 ALFY                  MUX                  MUY                    X                   PX                    Y                   PY                   DX                  DPX                   DY                  DPY                  R11                  R12                  R21                  R22                  K1L                  K2L                  K3L                  K4L                  K5L                 K1SL                 K2SL                 K3SL                 K4SL                 K5SL
$ %s                                     %d                   %s                  %le                  %le                  %le                  %le                  %le                  %le                  %le                  %le                  %le                  %le                  %le                  %le                  %le                  %le                  %le                  %le                  %le                  %le                  %le                  %le                  %le                  %le                  %le                  %le                  %le                  %le                  %le                  %le                  %le
  "BR3.BPM1L3"                            0            "monitor"             5.467797            5.5622358          1.743607543          11.26018459         -4.280009316         0.1417527497         0.1668486768                    0                    0                    0                    0         -2.814184858         0.7933983837                    0                    0                    0                    0                    0                    0                    0                    0                    0                    0                    0                    0                    0                    0                    0                    0
  "BR3.BPM2L3"                            1            "monitor"            15.285302          5.562218364          1.743603911          11.26022835         -4.280018197         0.4060805912         0.4243373491                    0                    0                    0                    0         -2.814180823         0.7933982855                    0                    0                    0                    0                    0                    0                    0                    0                    0                    0                    0                    0                    0                    0                    0                    0
  "BR3.BPM3L3"                            2            "monitor"            25.102807          5.562200928          1.743600279          11.26027041         -4.280026543         0.6704084327         0.6818260309                    0                    0                    0                    0          -2.81417714         0.7933983483                    0                    0                    0                    0                    0                    0                    0                    0                    0                    0                    0                    0                    0                    0                    0                    0
  "BR3.BPM4L3"                            3            "monitor"            34.920312          5.562183492          1.743596648          11.26031375         -4.280035291         0.9347362742         0.9393147054                    0                    0                    0                    0         -2.814173441         0.7933985062                    0                    0                    0                    0                    0                    0                    0                    0                    0                    0                    0                    0                    0                    0                    0                    0
  "BR3.BPM5L3"                            4            "monitor"            44.737806          5.562204415          1.743601006          11.26026189         -4.280024846          1.199063801           1.19680323                    0                    0                    0                    0         -2.814177768         0.7933984118                    0                    0                    0                    0                    0                    0                    0                    0                    0                    0                    0                    0                    0                    0                    0                    0
  "BR3.BPM6L3"                            5            "monitor"            54.555311          5.562186979          1.743597374          11.26030529         -4.280033591          1.463391642          1.454291903                    0                    0                    0                    0         -2.814173461         0.7933982031                    0                    0                    0                    0                    0                    0                    0                    0                    0                    0                    0                    0                    0                    0                    0                    0
  "BR3.BPM7L3"                            6            "monitor"            64.372816          5.562169543          1.743593742          11.26034744         -4.280041966          1.727719484          1.711780584                    0                    0                    0                    0          -2.81416994         0.7933982703                    0                    0                    0                    0                    0                    0                    0                    0                    0                    0                    0                    0                    0                    0                    0                    0
  "BR3.BPM8L3"                            7            "monitor"            74.190321          5.562152107           1.74359011          11.26039069         -4.280050687          1.992047325          1.969269258                    0                    0                    0                    0         -2.814166484         0.7933985379                    0                    0                    0                    0                    0                    0                    0                    0                    0                    0                    0                    0                    0                    0                    0                    0
  "BR3.BPM9L3"                            8            "monitor"            84.007826          5.562134671          1.743586479          11.26043307         -4.280059139          2.256375167          2.226757937                    0                    0                    0                    0         -2.814161878         0.7933984194                    0                    0                    0                    0                    0                    0                    0                    0                    0                    0                    0                    0                    0                    0                    0                    0
  "BR3.BPM10L3"                           9            "monitor"             93.82532          5.562155595          1.743590837          11.26038221         -4.280049021          2.520702694          2.484246458                    0                    0                    0                    0         -2.814166391          0.793398241                    0                    0                    0                    0                    0                    0                    0                    0                    0                    0                    0                    0                    0                    0                    0                    0
  "BR3.BPM11L3"                          10            "monitor"           103.642825          5.562138159          1.743587205          11.26042441         -4.280057367          2.785030535          2.741735134                    0                    0                    0                    0         -2.814162857         0.7933983206                    0                    0                    0                    0                    0                    0                    0                    0                    0                    0                    0                    0                    0                    0                    0                    0
  "BR3.BPM12L3"                          11            "monitor"            113.46033          5.562120723          1.743583573          11.26046793          -4.28006624          3.049358377          2.999223813                    0                    0                    0                    0          -2.81415931         0.7933985557                    0                    0                    0                    0                    0                    0                    0                    0                    0                    0                    0                    0                    0                    0                    0                    0
  "BR3.BPM13L3"                          12            "monitor"           123.277835          5.562103287          1.743579941             11.26051         -4.280074523          3.313686218          3.256712489                    0                    0                    0                    0         -2.814154734         0.7933984307                    0                    0                    0                    0                    0                    0                    0                    0                    0                    0                    0                    0                    0                    0                    0                    0
  "BR3.BPM14L3"                          13            "monitor"           133.095339          5.562089338          1.743577036          11.26054499         -4.280081679          3.578014031          3.514201152                    0                    0                    0                    0         -2.814151249         0.7933982181                    0                    0                    0                    0                    0                    0                    0                    0                    0                    0                    0                    0                    0                    0                    0                    0
  "BR3.BPM15L3"                          14            "monitor"           142.912834          5.562106774          1.743580668          11.26050143         -4.280072812          3.842341587          3.771689688                    0                    0                    0                    0         -2.814155882         0.7933983813                    0                    0                    0                    0                    0                    0                    0                    0                    0                    0                    0                    0                    0                    0                    0                    0
  "BR3.BPM16L3"                          15            "monitor"           152.730339          5.562089338          1.743577036          11.26054513         -4.280081708          4.106669428          4.029178364                    0                    0                    0                    0         -2.814151956         0.7933984967                    0                    0                    0                    0                    0                    0                    0                    0                    0                    0                    0                    0                    0                    0                    0                    0
