@ NAME                 %s               "PSB3"
@ TYPE                 %s              "twiss"
@ TITLE                %n                  nil
@ ORIGIN               %s "MAD 1.1.14 Linux 64"
@ DATE                 %s           "31/08/26"
@ TIME                 %s           "03:56:18"
@ REFCOL               %s               "name"
@ DIRECTION            %le                    1
@ OBSERVE              %le                    1
@ ENERGY               %le          1.098272088
@ DELTAP               %le                    0
@ LENGTH               %le               157.08
@ ALFAP                %le        0.06525194815
@ Q1                   %le          4.168937754
@ Q2                   %le          4.220733465
@ Q3                   %le                    0
@ DQ1                  %le         -6.446647366
@ DQ2                  %le         -13.01239478
@ DQ3                  %le                    0
* NAME                                INDEX                 KIND                    S                 BETX                 ALFX                 BETY                 ALFY                  MUX                  MUY                    X                   PX                    Y                   PY                   DX                  DPX                   DY                  DPY                  R11                  R12                  R21                  R22                  K1L                  K2L                  K3L                  K4L                  K5L                 K1SL                 K2SL                 K3SL                 K4SL                 K5SL
$ %s                                     %d                   %s                  %le                  %le                  %le                  %le                  %le                  %le                  %le                  %le                  %le                  %le                  %le                  %le                  %le                  %le                  %le                  %le                  %le                  %le                  %le                  %le                  %le                  %le                  %le                  %le                  %le                  %le                  %le                  %le                  %le
  "BR3.BPM1L3"                            0            "monitor"             5.467797          5.611360023          1.761816837          11.21598471         -4.284573652         0.1393392123         0.1717317956                    0                    0                    0                    0           -2.8890027         0.8174952034                    0                    0                    0                    0                    0                    0                    0                    0                    0                    0                    0                    0                    0                    0                    0                    0
  "BR3.BPM2L3"                            1            "monitor"            15.285302          5.611342405           1.76181318          11.21602829         -4.284582504         0.3998979638         0.4355277035                    0                    0                    0                    0         -2.888998441         0.8174950398                    0                    0                    0                    0                    0                    0                    0                    0                    0                    0                    0                    0                    0                    0                    0                    0
  "BR3.BPM3L3"                            2            "monitor"            25.102807          5.611324787          1.761809523          11.21607066         -4.284591001         0.6604567152         0.6993236205                    0                    0                    0                    0         -2.888994827          0.817495145                    0                    0                    0                    0                    0                    0                    0                    0                    0                    0                    0                    0                    0                    0                    0                    0
  "BR3.BPM4L3"                            3            "monitor"            34.920312          5.611307169          1.761805866          11.21611374         -4.284599686         0.9210154667         0.9631195305                    0                    0                    0                    0         -2.888991102         0.8174953663                    0                    0                    0                    0                    0                    0                    0                    0                    0                    0                    0                    0                    0                    0                    0                    0
  "BR3.BPM5L3"                            4            "monitor"            44.737806           5.61132831          1.761810255          11.21606216         -4.284589303          1.181573906           1.22691529                    0                    0                    0                    0         -2.888995382         0.8174952275                    0                    0                    0                    0                    0                    0                    0                    0                    0                    0                    0                    0                    0                    0                    0                    0
  "BR3.BPM6L3"                            5            "monitor"            54.555311          5.611310692          1.761806598          11.21610524         -4.284597965          1.442132658          1.490711198                    0                    0                    0                    0         -2.888990864         0.8174949572                    0                    0                    0                    0                    0                    0                    0                    0                    0                    0                    0                    0                    0                    0                    0                    0
  "BR3.BPM7L3"                            6            "monitor"            64.372816          5.611293074          1.761802941          11.21614783         -4.284606536          1.702691409          1.754507114                    0                    0                    0                    0         -2.888987412         0.8174950688                    0                    0                    0                    0                    0                    0                    0                    0                    0                    0                    0                    0                    0                    0                    0                    0
  "BR3.BPM8L3"                            7            "monitor"            74.190321          5.611275456          1.761799284          11.21619071         -4.284615157           1.96325016          2.018303024                    0                    0                    0                    0         -2.888983924         0.8174953959                    0                    0                    0                    0                    0                    0                    0                    0                    0                    0                    0                    0                    0                    0                    0                    0
  "BR3.BPM9L3"                            8            "monitor"            84.007826          5.611257838          1.761795627          11.21623357         -4.284623811          2.223808912          2.282098937                    0                    0                    0                    0         -2.888979019         0.8174952367                    0                    0                    0                    0                    0                    0                    0                    0                    0                    0                    0                    0                    0                    0                    0                    0
  "BR3.BPM10L3"                           9            "monitor"             93.82532           5.61127898          1.761800015          11.21618223         -4.284613488          2.484367351          2.545894694                    0                    0                    0                    0         -2.888983583          0.817494998                    0                    0                    0                    0                    0                    0                    0                    0                    0                    0                    0                    0                    0                    0                    0                    0
  "BR3.BPM11L3"                          10            "monitor"           103.642825          5.611261362          1.761796358          11.21622486         -4.284622014          2.744926103          2.809690604                    0                    0                    0                    0         -2.888980105         0.8174951172                    0                    0                    0                    0                    0                    0                    0                    0                    0                    0                    0                    0                    0                    0                    0                    0
  "BR3.BPM12L3"                          11            "monitor"            113.46033          5.611243744          1.761792702           11.2162681         -4.284630831          3.005484854          3.073486519                    0                    0                    0                    0         -2.888976531         0.8174954118                    0                    0                    0                    0                    0                    0                    0                    0                    0                    0                    0                    0                    0                    0                    0                    0
  "BR3.BPM13L3"                          12            "monitor"           123.277835          5.611226126          1.761789045          11.21631049         -4.284639252          3.266043606          3.337282429                    0                    0                    0                    0         -2.888971663         0.8174952492                    0                    0                    0                    0                    0                    0                    0                    0                    0                    0                    0                    0                    0                    0                    0                    0
  "BR3.BPM14L3"                          13            "monitor"           133.095339          5.611212032          1.761786119          11.21634528         -4.284646378          3.526602329           3.60107833                    0                    0                    0                    0         -2.888967983         0.8174949762                    0                    0                    0                    0                    0                    0                    0                    0                    0                    0                    0                    0                    0                    0                    0                    0
  "BR3.BPM15L3"                          14            "monitor"           142.912834          5.611229649          1.761789776          11.21630187         -4.284637518          3.787160797          3.864874099                    0                    0                    0                    0         -2.888972905          0.817495175                    0                    0                    0                    0                    0                    0                    0                    0                    0                    0                    0                    0                    0                    0                    0                    0
  "BR3.BPM16L3"                          15            "monitor"           152.730339          5.611212032          1.761786119          11.21634545         -4.284646412          4.047719548          4.128670011                    0                    0                    0                    0         -2.888968967         0.8174953542                    0                    0                    0                    0                    0                    0                    0                    0                    0                    0                    0                    0                    0                    0                    0                    0
