@ NAME                 %s               "PSB3"
@ TYPE                 %s              "twiss"
@ TITLE                %n                  nil
@ ORIGIN               %s "MAD 1.1.14 Linux 64"
@ DATE                 %s           "31/08/26"
@ TIME                 %s           "03:56:19"
@ REFCOL               %s               "name"
@ DIRECTION            %le                    1
@ OBSERVE              %le                    1
@ ENERGY               %le          1.098272088
@ DELTAP               %le                    0
@ LENGTH               %le               157.08
@ ALFAP                %le        0.06482809305
@ Q1                   %le          4.165399972
@ Q2                   %le          4.224199962
@ Q3                   %le                    0
@ DQ1                  %le         -6.447932193
@ DQ2                  %le         -13.00365596
@ DQ3                  %le                    0
* NAME                                INDEX                 KIND                    S                 BETX                 ALFX                 BETY                 ALFY                  MUX                  MUY                    X                   PX                    Y                   PY                   DX                  DPX                   DY                  DPY                  R11                  R12                  R21                  R22                  K1L                  K2L                  K3L                  K4L                  K5L                 K1SL                 K2SL                 K3SL                 K4SL                 K5SL
$ %s                                     %d                   %s                  %le                  %le                  %le                  %le                  %le                  %le                  %le                  %le                  %le                  %le                  %le                  %le                  %le                  %le                  %le                  %le                  %le                  %le                  %le                  %le                  %le                  %le                  %le                  %le                  %le                  %le                  %le                  %le                  %le
  "BR3.BPM1L3"                            0            "monitor"             5.467797           5.53182795          1.757972035          11.44313012         -4.380761762         0.1384703585         0.1715549142                    0                    0                    0                    0         -2.829784339         0.7788577344                    0                    0                    0                    0                    0                    0                    0                    0                    0                    0                    0                    0                    0                    0                    0                    0
  "BR3.BPM2L3"                            1            "monitor"            15.285302          5.709526026          1.773618309          10.97950981         -4.188406393         0.4022227544         0.4341404829                    0                    0                    0                    0         -3.005153486         0.8447633836                    0                    0                    0                    0                    0                    0                    0                    0                    0                    0                    0                    0                    0                    0                    0                    0
  "BR3.BPM3L3"                            2            "monitor"            25.102807          5.749888092          1.813248637          10.98008335         -4.200438568         0.6571195265         0.7023535613                    0                    0                    0                    0         -3.014536687         0.8604628169                    0                    0                    0                    0                    0                    0                    0                    0                    0                    0                    0                    0                    0                    0                    0                    0
  "BR3.BPM4L3"                            3            "monitor"            34.920312          5.483519622          1.710596322           11.4424068         -4.361467055         0.9191944025         0.9649127343                    0                    0                    0                    0         -2.860787596         0.8307285573                    0                    0                    0                    0                    0                    0                    0                    0                    0                    0                    0                    0                    0                    0                    0                    0
  "BR3.BPM5L3"                            4            "monitor"            44.737806          5.733430167          1.814193286          11.01713461          -4.22146999          1.177754654          1.230496495                    0                    0                    0                    0         -2.767192862         0.7727730184                    0                    0                    0                    0                    0                    0                    0                    0                    0                    0                    0                    0                    0                    0                    0                    0
  "BR3.BPM6L3"                            5            "monitor"            54.555311          5.504377421           1.71147421          11.39259031         -4.336235399          1.440765486          1.492012985                    0                    0                    0                    0         -2.933343649         0.8101913093                    0                    0                    0                    0                    0                    0                    0                    0                    0                    0                    0                    0                    0                    0                    0                    0
  "BR3.BPM7L3"                            6            "monitor"            64.372816          5.708513316          1.811502982          11.07828195         -4.250157405          1.698465097          1.758513366                    0                    0                    0                    0         -3.004908918           0.86318564                    0                    0                    0                    0                    0                    0                    0                    0                    0                    0                    0                    0                    0                    0                    0                    0
  "BR3.BPM8L3"                            7            "monitor"            74.190321          5.532812534          1.715908371          11.32218939         -4.305001434           1.96223993          2.019258394                    0                    0                    0                    0         -2.829261517         0.8187411094                    0                    0                    0                    0                    0                    0                    0                    0                    0                    0                    0                    0                    0                    0                    0                    0
  "BR3.BPM9L3"                            8            "monitor"            84.007826          5.676919466          1.805373782          11.15616574         -4.283069924          2.219278823          2.286353513                    0                    0                    0                    0         -2.780976331         0.7716395011                    0                    0                    0                    0                    0                    0                    0                    0                    0                    0                    0                    0                    0                    0                    0                    0
  "BR3.BPM10L3"                           9            "monitor"             93.82532          5.566907247          1.723603568          11.23940388         -4.271446785          2.483592319          2.546690632                    0                    0                    0                    0          -2.96302568         0.8223291174                    0                    0                    0                    0                    0                    0                    0                    0                    0                    0                    0                    0                    0                    0                    0                    0
  "BR3.BPM11L3"                          10            "monitor"           103.642825          5.640897594           1.79624253          11.24143136          -4.31627301          2.740217273          2.813988764                    0                    0                    0                    0         -2.987165889         0.8627099157                    0                    0                    0                    0                    0                    0                    0                    0                    0                    0                    0                    0                    0                    0                    0                    0
  "BR3.BPM12L3"                          11            "monitor"            113.46033          5.604199138          1.734005417          11.15427435         -4.239602666          3.004807715          3.074330917                    0                    0                    0                    0         -2.801916443         0.8066664388                    0                    0                    0                    0                    0                    0                    0                    0                    0                    0                    0                    0                    0                    0                    0                    0
  "BR3.BPM13L3"                          12            "monitor"           123.277835          5.602890612          1.784732062          11.32411879         -4.345852999          3.261294655          3.341416498                    0                    0                    0                    0         -2.802329281         0.7737162219                    0                    0                    0                    0                    0                    0                    0                    0                    0                    0                    0                    0                    0                    0                    0                    0
  "BR3.BPM14L3"                          13            "monitor"           133.095339          5.642116186          1.746393737          11.07683997          -4.21324052          3.525880245          3.602175557                    0                    0                    0                    0         -2.987515525         0.8341284394                    0                    0                    0                    0                    0                    0                    0                    0                    0                    0                    0                    0                    0                    0                    0                    0
  "BR3.BPM15L3"                          14            "monitor"           142.912834          5.565635591          1.771664138          11.39420616         -4.368252767          3.782514541          3.868657846                    0                    0                    0                    0         -2.962549287         0.8590688363                    0                    0                    0                    0                    0                    0                    0                    0                    0                    0                    0                    0                    0                    0                    0                    0
  "BR3.BPM16L3"                          15            "monitor"           152.730339          5.678029877          1.759906555          11.01625969         -4.195486492          4.046814211          4.130195856                    0                    0                    0                    0         -2.780666247         0.7953498016                    0                    0                    0                    0                    0                    0                    0                    0                    0                    0                    0                    0                    0                    0                    0                    0
